% time-domain voltage integration by openEMS v0.37.0-rc2 @Thu Sep 10 05:18:44 2026
% start-coordinates: (-5.24e-06,0,0.00028375) m -> [68,14,8]
% stop-coordinates: (-5.24e-06,0,0.00029498) m -> [68,14,12]
% t/s	voltage
0	-0
4.1658478846e-12	-3.78820474989e-09
8.33169576921e-12	-4.80475970122e-09
1.24975436538e-11	-1.59280939827e-09
1.66633915384e-11	1.29886947864e-08
2.0829239423e-11	5.17681169043e-08
2.49950873076e-11	1.30586645497e-07
2.91609351922e-11	2.59280625414e-07
3.33267830768e-11	4.24203825844e-07
3.74926309614e-11	5.62791797165e-07
4.1658478846e-11	5.40380661107e-07
4.58243267306e-11	1.5234481765e-07
4.99901746152e-11	-8.2716984906e-07
5.41560224998e-11	-2.53521363902e-06
5.83218703844e-11	-4.87079563527e-06
6.2487718269e-11	-7.36814848779e-06
6.66535661536e-11	-9.18660180105e-06
7.08194140382e-11	-9.29132500005e-06
7.49852619228e-11	-6.82221565285e-06
7.91511098074e-11	-1.53559065552e-06
8.33169576921e-11	5.88684571312e-06
8.74828055767e-11	1.38598745707e-05
9.16486534613e-11	2.03205368052e-05
9.58145013459e-11	2.34305675804e-05
9.99803492305e-11	2.22659239171e-05
1.04146197115e-10	1.71778106051e-05
1.08312045e-10	9.65390586316e-06
1.12477892884e-10	1.74631597361e-06
1.16643740769e-10	-4.6662765385e-06
1.20809588653e-10	-8.45883926104e-06
1.24975436538e-10	-9.46983232097e-06
1.29141284423e-10	-8.32519071992e-06
1.33307132307e-10	-6.03066530402e-06
1.37472980192e-10	-3.54896585009e-06
1.41638828076e-10	-1.52624764382e-06
1.45804675961e-10	-2.20491010339e-07
1.49970523846e-10	4.13997508275e-07
1.5413637173e-10	5.7793182151e-07
1.58302219615e-10	4.94356484637e-07
1.62468067499e-10	3.31831614631e-07
1.66633915384e-10	1.83845566326e-07
1.70799763269e-10	8.32545321572e-08
1.74965611153e-10	2.82717866895e-08
1.79131459038e-10	4.40410974356e-09
1.83297306923e-10	-2.82683371156e-09
1.87463154807e-10	-3.17839260466e-09
1.91629002692e-10	-1.13331528884e-09
1.95794850576e-10	1.16596494959e-09
1.99960698461e-10	1.05864246536e-09
2.04126546346e-10	1.00378408363e-09
2.0829239423e-10	1.04066120998e-09
2.12458242115e-10	1.01350572379e-09
2.16624089999e-10	9.22284776328e-10
2.20789937884e-10	8.94755346204e-10
2.24955785769e-10	8.50741171954e-10
2.29121633653e-10	8.34311508768e-10
2.33287481538e-10	8.3211251084e-10
2.37453329422e-10	8.05388832015e-10
2.41619177307e-10	7.31123633857e-10
2.45785025192e-10	7.0315201578e-10
2.49950873076e-10	6.56573566349e-10
