% time-domain current integration by openEMS v0.37.0-rc2 @Thu Sep 10 05:18:44 2026
% start-coordinates: (1.145e-06,-1.5e-06,0.00028375) m -> [78,11,8]
% stop-coordinates: (9.865e-06,1e-06,0.00028375) m -> [91,16,8]
% t/s	current
4.70610922346e-16	0
4.16631849552e-12	-8.39915151318e-11
8.33216638013e-12	-9.2448243505e-11
1.24980142647e-11	-5.31999791442e-12
1.66638621493e-11	3.49529016841e-10
2.08297100339e-11	1.23932475393e-09
2.49955579185e-11	2.96699975699e-09
2.91614058031e-11	5.6888889155e-09
3.33272536877e-11	9.00621088817e-09
3.74931015723e-11	1.14529541406e-08
4.16589494569e-11	1.01019752563e-08
4.58247973416e-11	7.08844816177e-10
4.99906452262e-11	-2.11118660332e-08
5.41564931108e-11	-5.75325707075e-08
5.83223409954e-11	-1.05491437807e-07
6.248818888e-11	-1.54439391054e-07
6.66540367646e-11	-1.866673216e-07
7.08198846492e-11	-1.81543583722e-07
7.49857325338e-11	-1.2330403365e-07
7.91515804184e-11	-9.70080726859e-09
8.3317428303e-11	1.42652481827e-07
8.74832761876e-11	2.99969741491e-07
9.16491240722e-11	4.20856792971e-07
9.58149719568e-11	4.70673825248e-07
9.99808198414e-11	4.34608693922e-07
1.04146667726e-10	3.23472846731e-07
1.08312515611e-10	1.69445470988e-07
1.12478363495e-10	1.38071873934e-08
1.1664421138e-10	-1.076392806e-07
1.20810059264e-10	-1.75203112462e-07
1.24975907149e-10	-1.8828673376e-07
1.29141755034e-10	-1.6097750688e-07
1.33307602918e-10	-1.13643544353e-07
1.37473450803e-10	-6.48062510322e-08
1.41639298687e-10	-2.62551260732e-08
1.45805146572e-10	-2.15267781378e-09
1.49970994457e-10	9.00611052401e-09
1.54136842341e-10	1.14043761101e-08
1.58302690226e-10	9.39435906844e-09
1.6246853811e-10	6.13324102616e-09
1.66634385995e-10	3.29810667665e-09
1.7080023388e-10	1.42603140407e-09
1.74966081764e-10	4.29510038646e-10
1.79131929649e-10	1.07659011914e-11
1.83297777533e-10	-1.06911042519e-10
1.87463625418e-10	-1.04063896389e-10
1.91629473303e-10	-3.42800683673e-11
1.95795321187e-10	-1.82452768172e-11
1.99961169072e-10	-1.64781313594e-11
2.04127016956e-10	-1.55757091252e-11
2.08292864841e-10	-1.71467093996e-11
2.12458712726e-10	-1.57053779704e-11
2.1662456061e-10	-1.45626774528e-11
2.20790408495e-10	-1.37205290532e-11
2.24956256379e-10	-1.37067666245e-11
2.29122104264e-10	-1.25503349033e-11
2.33287952149e-10	-1.39683958844e-11
2.37453800033e-10	-1.22341746109e-11
2.41619647918e-10	-1.1110600287e-11
2.45785495802e-10	-1.14848859589e-11
2.49951343687e-10	-1.08602137699e-11
