% time-domain voltage integration by openEMS v0.37.0-rc2 @Thu Sep 10 05:18:44 2026
% start-coordinates: (5.24e-06,0,0.00028375) m -> [84,14,8]
% stop-coordinates: (5.24e-06,0,0.00029498) m -> [84,14,12]
% t/s	voltage
0	-0
4.1658478846e-12	-4.48338671744e-09
8.33169576921e-12	-4.6971879164e-09
1.24975436538e-11	1.9766074888e-09
1.66633915384e-11	2.52065461837e-08
2.0829239423e-11	7.99664103823e-08
2.49950873076e-11	1.82277933192e-07
2.91609351922e-11	3.35416231678e-07
3.33267830768e-11	5.08099297747e-07
3.74926309614e-11	6.06818403526e-07
4.1658478846e-11	4.58932710501e-07
4.58243267306e-11	-1.67952364905e-07
4.99901746152e-11	-1.48828377178e-06
5.41560224998e-11	-3.56069807594e-06
5.83218703844e-11	-6.13141588701e-06
6.2487718269e-11	-8.54023141983e-06
6.66535661536e-11	-9.78870298241e-06
7.08194140382e-11	-8.82164840732e-06
7.49852619228e-11	-4.96873491329e-06
7.91511098074e-11	1.62326998066e-06
8.33169576921e-11	9.79795458989e-06
8.74828055767e-11	1.76016180831e-05
9.16486534613e-11	2.2889552838e-05
9.58145013459e-11	2.4101562758e-05
9.99803492305e-11	2.08670694519e-05
1.04146197115e-10	1.41532639191e-05
1.08312045e-10	5.88512892818e-06
1.12477892884e-10	-1.78138651563e-06
1.16643740769e-10	-7.1988641821e-06
1.20809588653e-10	-9.6728670087e-06
1.24975436538e-10	-9.47874195845e-06
1.29141284423e-10	-7.5302972391e-06
1.33307132307e-10	-4.91282486337e-06
1.37472980192e-10	-2.49689230714e-06
1.41638828076e-10	-7.54399053449e-07
1.45804675961e-10	2.24327642684e-07
1.49970523846e-10	5.93472499588e-07
1.5413637173e-10	5.93479498434e-07
1.58302219615e-10	4.37451841862e-07
1.62468067499e-10	2.62226322434e-07
1.66633915384e-10	1.29321263032e-07
1.70799763269e-10	4.98805339255e-08
1.74965611153e-10	1.17545222444e-08
1.79131459038e-10	-1.93442895036e-09
1.83297306923e-10	-4.32759250657e-09
1.87463154807e-10	-3.00038063838e-09
1.91629002692e-10	1.72298428303e-09
1.95794850576e-10	9.16124127948e-10
1.99960698461e-10	8.23228402114e-10
2.04126546346e-10	7.73095740203e-10
2.0829239423e-10	8.51628691179e-10
2.12458242115e-10	7.88713226674e-10
2.16624089999e-10	7.23913776146e-10
2.20789937884e-10	6.79210555854e-10
2.24955785769e-10	6.76112575648e-10
2.29121633653e-10	6.17685527726e-10
2.33287481538e-10	7.03404320901e-10
2.37453329422e-10	6.1240481436e-10
2.41619177307e-10	5.52970502721e-10
2.45785025192e-10	5.74157686672e-10
2.49950873076e-10	5.39657263321e-10
