% time-domain current integration by openEMS v0.37.0-rc2 @Thu Sep 10 05:18:44 2026
% start-coordinates: (-1.03672e-05,-1.5e-06,0.00028375) m -> [60,11,8]
% stop-coordinates: (-1.645e-06,1e-06,0.00028375) m -> [73,16,8]
% t/s	current
4.70610922346e-16	0
4.16631849552e-12	7.56564255688e-11
8.33216638013e-12	9.60922383331e-11
1.24980142647e-11	3.12163454808e-11
1.66638621493e-11	-2.61072996555e-10
2.08297100339e-11	-1.03786301775e-09
2.49955579185e-11	-2.61646748712e-09
2.91614058031e-11	-5.19198994908e-09
3.33272536877e-11	-8.4902831432e-09
3.74931015723e-11	-1.12575495592e-08
4.16589494569e-11	-1.07970574703e-08
4.58247973416e-11	-3.01503599864e-09
4.99906452262e-11	1.6603667774e-08
5.41564931108e-11	5.07917974346e-08
5.83223409954e-11	9.75160077132e-08
6.248818888e-11	1.47445334164e-07
6.66540367646e-11	1.83755886951e-07
7.08198846492e-11	1.85754245763e-07
7.49857325338e-11	1.36258734074e-07
7.91515804184e-11	3.04313942934e-08
8.3317428303e-11	-1.18055787368e-07
8.74832761876e-11	-2.77473986898e-07
9.16491240722e-11	-4.06566414313e-07
9.58149719568e-11	-4.68599239412e-07
9.99808198414e-11	-4.45141637329e-07
1.04146667726e-10	-3.43266833625e-07
1.08312515611e-10	-1.92756957063e-07
1.12478363495e-10	-3.4653069747e-08
1.1664421138e-10	9.34983503953e-08
1.20810059264e-10	1.69235235603e-07
1.24975907149e-10	1.89361415437e-07
1.29141755034e-10	1.6641433831e-07
1.33307602918e-10	1.20510520674e-07
1.37473450803e-10	7.08921774617e-08
1.41639298687e-10	3.04666016859e-08
1.45805146572e-10	4.37997416114e-09
1.49970994457e-10	-8.28892332549e-09
1.54136842341e-10	-1.15560725433e-08
1.58302690226e-10	-9.88049464468e-09
1.6246853811e-10	-6.63030697012e-09
1.66634385995e-10	-3.67253027989e-09
1.7080023388e-10	-1.66264058077e-09
1.74966081764e-10	-5.64379154522e-10
1.79131929649e-10	-8.7800315629e-11
1.83297777533e-10	5.65257771146e-11
1.87463625418e-10	6.34862024063e-11
1.91629473303e-10	2.19020166586e-11
1.95795321187e-10	-2.33973725811e-11
1.99961169072e-10	-2.11049944882e-11
2.04127016956e-10	-2.0222401878e-11
2.08292864841e-10	-2.08381124855e-11
2.12458712726e-10	-2.02937597282e-11
2.1662456061e-10	-1.84689295107e-11
2.20790408495e-10	-1.79857864713e-11
2.24956256379e-10	-1.70371407954e-11
2.29122104264e-10	-1.66428450882e-11
2.33287952149e-10	-1.6668905839e-11
2.37453800033e-10	-1.61488929867e-11
2.41619647918e-10	-1.46661086053e-11
2.45785495802e-10	-1.40379582958e-11
2.49951343687e-10	-1.31917619189e-11
