% time-domain voltage integration by openEMS v0.37.0-rc2 @Wed Sep  9 23:58:46 2026
% start-coordinates: (1.9325e-05,0,0.00028375) m -> [115,12,8]
% stop-coordinates: (1.9325e-05,0,0.00029018) m -> [115,12,11]
% t/s	voltage
0	-0
4.16656631696e-12	-3.57879531565e-09
8.33313263392e-12	-4.24397628151e-09
1.24996989509e-11	-6.01068778083e-11
1.66662652678e-11	1.62280548999e-08
2.08328315848e-11	5.64841720063e-08
2.49993979018e-11	1.35308759752e-07
2.91659642187e-11	2.59923858437e-07
3.33325305357e-11	4.12283334583e-07
3.74990968527e-11	5.26843138005e-07
4.16656631696e-11	4.71337543217e-07
4.58322294866e-11	5.35535686907e-08
4.99987958035e-11	-9.26891488007e-07
5.41653621205e-11	-2.57444509089e-06
5.83319284375e-11	-4.7640160119e-06
6.24984947544e-11	-7.03918612999e-06
6.66650610714e-11	-8.62291562953e-06
7.08316273884e-11	-8.59557599142e-06
7.49981937053e-11	-6.22627715074e-06
7.91647600223e-11	-1.3431704815e-06
8.33313263392e-11	5.42992540886e-06
8.74978926562e-11	1.27237358356e-05
9.16644589732e-11	1.87941786862e-05
9.58310252901e-11	2.20902948058e-05
9.99975916071e-11	2.17831420741e-05
1.04164157924e-10	1.8028312752e-05
1.08330724241e-10	1.18589448448e-05
1.12497290558e-10	4.78322101571e-06
1.16663856875e-10	-1.71926532744e-06
1.20830423192e-10	-6.59358272515e-06
1.24996989509e-10	-9.38028802011e-06
1.29163555826e-10	-1.01641580841e-05
1.33330122143e-10	-9.39021856539e-06
1.3749668846e-10	-7.65274148762e-06
1.41663254777e-10	-5.52818391952e-06
1.45829821094e-10	-3.47440953874e-06
1.49996387411e-10	-1.7881818053e-06
1.54162953728e-10	-6.03443936598e-07
1.58329520045e-10	8.24241954689e-08
1.62496086362e-10	3.64663407026e-07
1.66662652678e-10	3.80459468374e-07
1.70829218995e-10	2.63716181337e-07
1.74995785312e-10	1.15486576746e-07
1.79162351629e-10	-6.41203989904e-09
1.83328917946e-10	-8.19162195853e-08
1.87495484263e-10	-1.15070021067e-07
1.9166205058e-10	-1.18306175523e-07
1.95828616897e-10	-1.09875728072e-07
1.99995183214e-10	-9.72652305364e-08
2.04161749531e-10	-8.57246362784e-08
2.08328315848e-10	-7.55778017947e-08
2.12494882165e-10	-6.78051801373e-08
2.16661448482e-10	-6.17133366632e-08
2.20828014799e-10	-5.64003093118e-08
2.24994581116e-10	-5.15588212124e-08
2.29161147433e-10	-4.7099645073e-08
2.3332771375e-10	-4.29138369284e-08
2.37494280067e-10	-3.90607297618e-08
2.41660846384e-10	-3.55784219863e-08
2.45827412701e-10	-3.2381779036e-08
2.49993979018e-10	-2.94708430992e-08
2.54160545335e-10	-2.68616906496e-08
2.58327111652e-10	-2.44482731837e-08
2.62493677969e-10	-2.22334226585e-08
2.66660244286e-10	-2.02528482873e-08
2.70826810603e-10	-1.84365060996e-08
2.74993376919e-10	-1.67555906927e-08
2.79159943236e-10	-1.52468953019e-08
2.83326509553e-10	-1.38637845648e-08
2.8749307587e-10	-1.25948516061e-08
2.91659642187e-10	-1.14614702174e-08
2.95826208504e-10	-1.04089670216e-08
2.99992774821e-10	-9.46049660833e-09
3.04159341138e-10	-8.57563065004e-09
3.08325907455e-10	-7.78919817535e-09
3.12492473772e-10	-7.07560277036e-09
3.16659040089e-10	-6.40804409535e-09
3.20825606406e-10	-5.79220182928e-09
3.24992172723e-10	-5.24816179404e-09
3.2915873904e-10	-4.7339302478e-09
3.33325305357e-10	-4.27949764514e-09
3.37491871674e-10	-3.8598122476e-09
3.41658437991e-10	-3.48258477612e-09
