% time-domain voltage integration by openEMS v0.37.0-rc2 @Wed Sep  9 23:58:46 2026
% start-coordinates: (-2.0225e-05,0,0.00028375) m -> [82,12,8]
% stop-coordinates: (-2.0225e-05,0,0.00029018) m -> [82,12,11]
% t/s	voltage
0	-0
4.16656631696e-12	-1.00059413533e-09
8.33313263392e-12	-1.1408858025e-09
1.24996989509e-11	-4.29452633177e-10
1.66662652678e-11	3.69151637036e-09
2.08328315848e-11	1.43054796897e-08
2.49993979018e-11	3.51103253138e-08
2.91659642187e-11	6.79840024276e-08
3.33325305357e-11	1.07825876228e-07
3.74990968527e-11	1.36489397562e-07
4.16656631696e-11	1.16585296084e-07
4.58322294866e-11	-5.66579594352e-09
4.99987958035e-11	-2.84918307614e-07
5.41653621205e-11	-7.43663861158e-07
5.83319284375e-11	-1.33105396571e-06
6.24984947544e-11	-1.8917864395e-06
6.66650610714e-11	-2.17516088696e-06
7.08316273884e-11	-1.90228558949e-06
7.49981937053e-11	-8.88904921226e-07
7.91647600223e-11	8.21512728066e-07
8.33313263392e-11	2.88312463681e-06
8.74978926562e-11	4.69705707928e-06
9.16644589732e-11	5.60022158425e-06
9.58310252901e-11	5.1354787729e-06
9.99975916071e-11	3.28377177539e-06
1.04164157924e-10	5.35642811883e-07
1.08330724241e-10	-2.2560084858e-06
1.12497290558e-10	-4.19310754296e-06
1.16663856875e-10	-4.68053576697e-06
1.20830423192e-10	-3.64623190308e-06
1.24996989509e-10	-1.53717004991e-06
1.29163555826e-10	8.94074361213e-07
1.33330122143e-10	2.89953595711e-06
1.3749668846e-10	3.99900716275e-06
1.41663254777e-10	4.09329334161e-06
1.45829821094e-10	3.410727345e-06
1.49996387411e-10	2.34553590417e-06
1.54162953728e-10	1.28037183345e-06
1.58329520045e-10	4.66591330905e-07
1.62496086362e-10	-9.32571264656e-09
1.66662652678e-10	-1.89940831063e-07
1.70829218995e-10	-1.80418737727e-07
1.74995785312e-10	-8.84237731924e-08
1.79162351629e-10	1.03407411522e-08
1.83328917946e-10	7.96033763351e-08
1.87495484263e-10	1.13106196409e-07
1.9166205058e-10	1.20106587786e-07
1.95828616897e-10	1.12637817296e-07
1.99995183214e-10	1.00171394735e-07
2.04161749531e-10	8.84898625486e-08
2.08328315848e-10	7.82097995256e-08
2.12494882165e-10	7.0457144119e-08
2.16661448482e-10	6.41806234825e-08
2.20828014799e-10	5.89673909701e-08
2.24994581116e-10	5.41616937966e-08
2.29161147433e-10	4.95439351766e-08
2.3332771375e-10	4.53323298899e-08
2.37494280067e-10	4.15099528084e-08
2.41660846384e-10	3.79117439664e-08
2.45827412701e-10	3.46904913684e-08
2.49993979018e-10	3.17663557681e-08
2.54160545335e-10	2.90978636741e-08
2.58327111652e-10	2.66706381424e-08
2.62493677969e-10	2.44551339179e-08
2.66660244286e-10	2.24012612904e-08
2.70826810603e-10	2.05539323339e-08
2.74993376919e-10	1.88619142527e-08
2.79159943236e-10	1.73103846812e-08
2.83326509553e-10	1.58995390187e-08
2.8749307587e-10	1.45952474551e-08
2.91659642187e-10	1.34243511862e-08
2.95826208504e-10	1.23587173828e-08
2.99992774821e-10	1.13770042276e-08
3.04159341138e-10	1.04827757585e-08
3.08325907455e-10	9.6544394701e-09
3.12492473772e-10	8.90659834774e-09
3.16659040089e-10	8.21168089082e-09
3.20825606406e-10	7.58778928578e-09
3.24992172723e-10	7.00350899496e-09
3.2915873904e-10	6.48022180361e-09
3.33325305357e-10	6.00691396624e-09
3.37491871674e-10	5.5623922135e-09
3.41658437991e-10	5.1639263976e-09
