% time-domain current integration by openEMS v0.37.0-rc2 @Wed Sep  9 23:58:46 2026
% start-coordinates: (1.5725e-05,-2e-06,0.00028375) m -> [112,10,8]
% stop-coordinates: (2.2825e-05,1e-06,0.00028375) m -> [118,13,8]
% t/s	current
8.01879583711e-16	0
4.16736819655e-12	-2.86855903614e-11
8.33393451351e-12	-2.26756929206e-11
1.25005008305e-11	2.07560600651e-11
1.66670671474e-11	1.67583835697e-10
2.08336334644e-11	5.07801023453e-10
2.50001997814e-11	1.10943054743e-09
2.91667660983e-11	1.95591765006e-09
3.33333324153e-11	2.81683409931e-09
3.74998987322e-11	3.07690450896e-09
4.16664650492e-11	1.69670577588e-09
4.58330313662e-11	-2.61371790877e-09
4.99995976831e-11	-1.08544009336e-08
5.41661640001e-11	-2.28641638955e-08
5.83327303171e-11	-3.64378962558e-08
6.2499296634e-11	-4.69792453828e-08
6.6665862951e-11	-4.82662798618e-08
7.08324292679e-11	-3.45977184679e-08
7.49989955849e-11	-3.76984710115e-09
7.91655619019e-11	4.03441369201e-08
8.33321282188e-11	8.72290897291e-08
8.74986945358e-11	1.22171897488e-07
9.16652608527e-11	1.31393605329e-07
9.58318271697e-11	1.07947052186e-07
9.99983934867e-11	5.56624648596e-08
1.04164959804e-10	-1.10765876471e-08
1.08331526121e-10	-7.20751316408e-08
1.12498092438e-10	-1.08773313912e-07
1.16664658755e-10	-1.11128883873e-07
1.20831225071e-10	-8.09401683455e-08
1.24997791388e-10	-3.03094083165e-08
1.29164357705e-10	2.37312782758e-08
1.33330924022e-10	6.57934720039e-08
1.37497490339e-10	8.70526903896e-08
1.41664056656e-10	8.68302549861e-08
1.45830622973e-10	7.08765313107e-08
1.4999718929e-10	4.77963482126e-08
1.54163755607e-10	2.54613894413e-08
1.58330321924e-10	8.78256578574e-09
1.62496888241e-10	-7.55426055044e-10
1.66663454558e-10	-4.22826440527e-09
1.70830020875e-10	-3.88078813529e-09
1.74996587192e-10	-1.92608085037e-09
1.79163153509e-10	1.14040742127e-10
1.83329719826e-10	1.52840584633e-09
1.87496286143e-10	2.20761564584e-09
1.9166285246e-10	2.36593233893e-09
1.95829418777e-10	2.19722173789e-09
1.99995985094e-10	1.94492155714e-09
2.04162551411e-10	1.71419856088e-09
2.08329117728e-10	1.51131906989e-09
2.12495684045e-10	1.35588096306e-09
2.16662250362e-10	1.23413623765e-09
2.20828816679e-10	1.12780995654e-09
2.24995382996e-10	1.03115116445e-09
2.29161949312e-10	9.41906552754e-10
2.33328515629e-10	8.5813028905e-10
2.37495081946e-10	7.81067654998e-10
2.41661648263e-10	7.11465775183e-10
2.4582821458e-10	6.47510711715e-10
2.49994780897e-10	5.89398363449e-10
2.54161347214e-10	5.37197675232e-10
2.58327913531e-10	4.8894777116e-10
2.62494479848e-10	4.44624920215e-10
2.66661046165e-10	4.05026734374e-10
2.70827612482e-10	3.68720248778e-10
2.74994178799e-10	3.35032473986e-10
2.79160745116e-10	3.04929498318e-10
2.83327311433e-10	2.77210254751e-10
2.8749387775e-10	2.51770049253e-10
2.91660444067e-10	2.29170210586e-10
2.95827010384e-10	2.08141351377e-10
2.99993576701e-10	1.89149793051e-10
3.04160143018e-10	1.71477332334e-10
3.08326709335e-10	1.55792018175e-10
3.12493275652e-10	1.41479175597e-10
3.16659841969e-10	1.28103902486e-10
3.20826408286e-10	1.15873761974e-10
3.24992974603e-10	1.04948862101e-10
3.2915954092e-10	9.46806799629e-11
3.33326107237e-10	8.55600590377e-11
3.37492673554e-10	7.71861949356e-11
3.4165923987e-10	6.96306137749e-11
