% time-domain current integration by openEMS v0.37.0-rc2 @Wed Sep  9 23:58:46 2026
% start-coordinates: (-2.3795e-05,-2e-06,0.00028375) m -> [79,10,8]
% stop-coordinates: (-1.6725e-05,1e-06,0.00028375) m -> [85,13,8]
% t/s	current
8.01879583711e-16	0
4.16736819655e-12	1.98789665284e-11
8.33393451351e-12	2.27349909732e-11
1.25005008305e-11	8.60218059978e-12
1.66670671474e-11	-7.40924682718e-11
2.08336334644e-11	-2.86751067335e-10
2.50001997814e-11	-7.0342803804e-10
2.91667660983e-11	-1.36127342731e-09
3.33333324153e-11	-2.15810214144e-09
3.74998987322e-11	-2.73025690944e-09
4.16664650492e-11	-2.32902142017e-09
4.58330313662e-11	1.21516546825e-10
4.99995976831e-11	5.71392710924e-09
5.41661640001e-11	1.48959014012e-08
5.83327303171e-11	2.66464557086e-08
6.2499296634e-11	3.78551980873e-08
6.6665862951e-11	4.35050715453e-08
7.08324292679e-11	3.80194187244e-08
7.49989955849e-11	1.77200050189e-08
7.91655619019e-11	-1.65121818441e-08
8.33321282188e-11	-5.77479255526e-08
8.74986945358e-11	-9.40025799423e-08
9.16652608527e-11	-1.12017175979e-07
9.58318271697e-11	-1.02662681911e-07
9.99983934867e-11	-6.55786465131e-08
1.04164959804e-10	-1.05945368034e-08
1.08331526121e-10	4.52226380787e-08
1.12498092438e-10	8.39168450284e-08
1.16664658755e-10	9.36033899279e-08
1.20831225071e-10	7.28631377456e-08
1.24997791388e-10	3.06527070393e-08
1.29164357705e-10	-1.79704517933e-08
1.33330924022e-10	-5.80527590444e-08
1.37497490339e-10	-8.000384355e-08
1.41664056656e-10	-8.18542105208e-08
1.45830622973e-10	-6.81803911107e-08
1.4999718929e-10	-4.68697152201e-08
1.54163755607e-10	-2.55719179165e-08
1.58330321924e-10	-9.30811427935e-09
1.62496888241e-10	1.979343911e-10
1.66663454558e-10	3.80108655662e-09
1.70830020875e-10	3.60576279945e-09
1.74996587192e-10	1.76450243305e-09
1.79163153509e-10	-2.10120879029e-10
1.83329719826e-10	-1.59395829868e-09
1.87496286143e-10	-2.26285834515e-09
1.9166285246e-10	-2.40234343529e-09
1.95829418777e-10	-2.252597886e-09
1.99995985094e-10	-2.0029771175e-09
2.04162551411e-10	-1.76960723852e-09
2.08329117728e-10	-1.56396640083e-09
2.12495684045e-10	-1.40888845035e-09
2.16662250362e-10	-1.28344213035e-09
2.20828816679e-10	-1.17919185527e-09
2.24995382996e-10	-1.08305575619e-09
2.29161949312e-10	-9.90739379425e-10
2.33328515629e-10	-9.06505426279e-10
2.37495081946e-10	-8.30080726377e-10
2.41661648263e-10	-7.58066942552e-10
2.4582821458e-10	-6.93672952412e-10
2.49994780897e-10	-6.35209551625e-10
2.54161347214e-10	-5.81897308116e-10
2.58327913531e-10	-5.33318389451e-10
2.62494479848e-10	-4.88999118975e-10
2.66661046165e-10	-4.47988868224e-10
2.70827612482e-10	-4.11032513581e-10
2.74994178799e-10	-3.7723896229e-10
2.79160745116e-10	-3.46160683451e-10
2.83327311433e-10	-3.17923076754e-10
2.8749387775e-10	-2.9183355732e-10
2.91660444067e-10	-2.6846763701e-10
2.95827010384e-10	-2.47142833976e-10
2.99993576701e-10	-2.27519628138e-10
3.04160143018e-10	-2.09672001983e-10
3.08326709335e-10	-1.9305330945e-10
3.12493275652e-10	-1.78107431581e-10
3.16659841969e-10	-1.64245117507e-10
3.20826408286e-10	-1.51736179177e-10
3.24992974603e-10	-1.40069789101e-10
3.2915954092e-10	-1.29590393971e-10
3.33326107237e-10	-1.20124132863e-10
3.37492673554e-10	-1.11282080772e-10
3.4165923987e-10	-1.03270593466e-10
