% time-domain current integration by openEMS v0.37.0-rc2 @Thu Sep 10 05:13:28 2026
% start-coordinates: (1.145e-06,-1.5e-06,0.00028375) m -> [78,11,8]
% stop-coordinates: (9.865e-06,1e-06,0.00028375) m -> [91,16,8]
% t/s	current
4.70610922346e-16	0
4.16631849552e-12	7.56532544943e-11
8.33216638013e-12	9.60865206845e-11
1.24980142647e-11	3.1213094609e-11
1.66638621493e-11	-2.61058397122e-10
2.08297100339e-11	-1.03779884686e-09
2.49955579185e-11	-2.61630184184e-09
2.91614058031e-11	-5.19166309942e-09
3.33272536877e-11	-8.48974757162e-09
3.74931015723e-11	-1.12568407928e-08
4.16589494569e-11	-1.07963744611e-08
4.58247973416e-11	-3.01484370802e-09
4.99906452262e-11	1.66026232762e-08
5.41564931108e-11	5.07885857814e-08
5.83223409954e-11	9.7509868624e-08
6.248818888e-11	1.47435997633e-07
6.66540367646e-11	1.83744319315e-07
7.08198846492e-11	1.85742507597e-07
7.49857325338e-11	1.36250108085e-07
7.91515804184e-11	3.04294616171e-08
8.3317428303e-11	-1.18048333775e-07
8.74832761876e-11	-2.77456450704e-07
9.16491240722e-11	-4.06540721087e-07
9.58149719568e-11	-4.68569652412e-07
9.99808198414e-11	-4.45113585101e-07
1.04146667726e-10	-3.43245062595e-07
1.08312515611e-10	-1.92744749938e-07
1.12478363495e-10	-3.4650849301e-08
1.1664421138e-10	9.34924528906e-08
1.20810059264e-10	1.69224634305e-07
1.24975907149e-10	1.89349435686e-07
1.29141755034e-10	1.66403850699e-07
1.33307602918e-10	1.20502889445e-07
1.37473450803e-10	7.08877010425e-08
1.41639298687e-10	3.04646938787e-08
1.45805146572e-10	4.37969216449e-09
1.49970994457e-10	-8.28840551748e-09
1.54136842341e-10	-1.15553318025e-08
1.58302690226e-10	-9.8798720316e-09
1.6246853811e-10	-6.62989174671e-09
1.66634385995e-10	-3.67230157394e-09
1.7080023388e-10	-1.66252578371e-09
1.74966081764e-10	-5.6433807627e-10
1.79131929649e-10	-8.78041320207e-11
1.83297777533e-10	5.65136860919e-11
1.87463625418e-10	6.3481900292e-11
1.91629473303e-10	2.18965592186e-11
1.95795321187e-10	-2.33955736728e-11
1.99961169072e-10	-2.11012353424e-11
2.04127016956e-10	-2.02310251884e-11
2.08292864841e-10	-2.08326984136e-11
2.12458712726e-10	-2.02811881872e-11
2.1662456061e-10	-1.84728742719e-11
2.20790408495e-10	-1.7988843054e-11
2.24956256379e-10	-1.70419026113e-11
2.29122104264e-10	-1.66418025194e-11
2.33287952149e-10	-1.66766826043e-11
2.37453800033e-10	-1.61471062216e-11
2.41619647918e-10	-1.46654945132e-11
2.45785495802e-10	-1.40374040516e-11
2.49951343687e-10	-1.31940049164e-11
