% time-domain voltage integration by openEMS v0.37.0-rc2 @Thu Sep 10 05:13:28 2026
% start-coordinates: (5.24e-06,0,0.00028375) m -> [84,14,8]
% stop-coordinates: (5.24e-06,0,0.00029498) m -> [84,14,12]
% t/s	voltage
0	-0
4.1658478846e-12	-3.78793285627e-09
8.33169576921e-12	-4.8047929524e-09
1.24975436538e-11	-1.59279839318e-09
1.66633915384e-11	1.29877955057e-08
2.0829239423e-11	5.17648954812e-08
2.49950873076e-11	1.30578438728e-07
2.91609351922e-11	2.59264240299e-07
3.33267830768e-11	4.24177084568e-07
3.74926309614e-11	5.62756241607e-07
4.1658478846e-11	5.40346313471e-07
4.58243267306e-11	1.5233484163e-07
4.99901746152e-11	-8.27118391555e-07
5.41560224998e-11	-2.53505425007e-06
5.83218703844e-11	-4.87048845343e-06
6.2487718269e-11	-7.36768402021e-06
6.66535661536e-11	-9.18602074762e-06
7.08194140382e-11	-9.29073598854e-06
7.49852619228e-11	-6.82178205125e-06
7.91511098074e-11	-1.5354895595e-06
8.33169576921e-11	5.88647679933e-06
8.74828055767e-11	1.38590014558e-05
9.16486534613e-11	2.03192562367e-05
9.58145013459e-11	2.34290873777e-05
9.99803492305e-11	2.22645142003e-05
1.04146197115e-10	1.7176720803e-05
1.08312045e-10	9.65329127212e-06
1.12477892884e-10	1.74620151938e-06
1.16643740769e-10	-4.66598470439e-06
1.20809588653e-10	-8.45830481921e-06
1.24975436538e-10	-9.46923375977e-06
1.29141284423e-10	-8.32466355405e-06
1.33307132307e-10	-6.03028200885e-06
1.37472980192e-10	-3.54874063646e-06
1.41638828076e-10	-1.52615142213e-06
1.45804675961e-10	-2.20477616608e-07
1.49970523846e-10	4.13971747548e-07
1.5413637173e-10	5.77894866183e-07
1.58302219615e-10	4.94324353895e-07
1.62468067499e-10	3.31810262821e-07
1.66633915384e-10	1.83833785528e-07
1.70799763269e-10	8.32498203707e-08
1.74965611153e-10	2.82695702403e-08
1.79131459038e-10	4.4034891844e-09
1.83297306923e-10	-2.82622714121e-09
1.87463154807e-10	-3.17827575369e-09
1.91629002692e-10	-1.13324002959e-09
1.95794850576e-10	1.16483597767e-09
1.99960698461e-10	1.05861702737e-09
2.04126546346e-10	1.00439817574e-09
2.0829239423e-10	1.04052755301e-09
2.12458242115e-10	1.01278183062e-09
2.16624089999e-10	9.22534375281e-10
2.20789937884e-10	8.94652886496e-10
2.24955785769e-10	8.50969135435e-10
2.29121633653e-10	8.34258245819e-10
2.33287481538e-10	8.32557828234e-10
2.37453329422e-10	8.05305093443e-10
2.41619177307e-10	7.31346448679e-10
2.45785025192e-10	7.03021640902e-10
2.49950873076e-10	6.56263814125e-10
