% time-domain voltage integration by openEMS v0.37.0-rc2 @Thu Sep 10 05:13:28 2026
% start-coordinates: (-5.24e-06,0,0.00028375) m -> [68,14,8]
% stop-coordinates: (-5.24e-06,0,0.00029498) m -> [68,14,12]
% t/s	voltage
0	-0
4.1658478846e-12	-4.48250964125e-09
8.33169576921e-12	-4.69664607206e-09
1.24975436538e-11	1.97640270816e-09
1.66633915384e-11	2.52049554561e-08
2.0829239423e-11	7.99612633884e-08
2.49950873076e-11	1.82266560955e-07
2.91609351922e-11	3.35395213824e-07
3.33267830768e-11	5.08067103056e-07
3.74926309614e-11	6.06780218959e-07
4.1658478846e-11	4.58903482325e-07
4.58243267306e-11	-1.67942193485e-07
4.99901746152e-11	-1.48819034962e-06
5.41560224998e-11	-3.56047394234e-06
5.83218703844e-11	-6.13102997704e-06
6.2487718269e-11	-8.53969288528e-06
6.66535661536e-11	-9.78808338914e-06
7.08194140382e-11	-8.82108906808e-06
7.49852619228e-11	-4.96841846598e-06
7.91511098074e-11	1.62317135732e-06
8.33169576921e-11	9.79734090834e-06
8.74828055767e-11	1.76005103185e-05
9.16486534613e-11	2.28881087878e-05
9.58145013459e-11	2.41000436745e-05
9.99803492305e-11	2.08657484109e-05
1.04146197115e-10	1.41523623824e-05
1.08312045e-10	5.88475069208e-06
1.12477892884e-10	-1.78127896788e-06
1.16643740769e-10	-7.19841301589e-06
1.20809588653e-10	-9.67225878412e-06
1.24975436538e-10	-9.47814078245e-06
1.29141284423e-10	-7.52981929963e-06
1.33307132307e-10	-4.91251091717e-06
1.37472980192e-10	-2.49673269082e-06
1.41638828076e-10	-7.54350409693e-07
1.45804675961e-10	2.24313700059e-07
1.49970523846e-10	5.93435686369e-07
1.5413637173e-10	5.93442237573e-07
1.58302219615e-10	4.37424034772e-07
1.62468067499e-10	2.62208864399e-07
1.66633915384e-10	1.29312308417e-07
1.70799763269e-10	4.98774843649e-08
1.74965611153e-10	1.17532492627e-08
1.79131459038e-10	-1.93460564235e-09
1.83297306923e-10	-4.32692620622e-09
1.87463154807e-10	-3.00081576254e-09
1.91629002692e-10	1.72363945339e-09
1.95794850576e-10	9.15208173136e-10
1.99960698461e-10	8.22603200834e-10
2.04126546346e-10	7.72847688624e-10
2.0829239423e-10	8.51205994579e-10
2.12458242115e-10	7.88317057465e-10
2.16624089999e-10	7.24030994881e-10
2.20789937884e-10	6.79342040955e-10
2.24955785769e-10	6.75700460862e-10
2.29121633653e-10	6.1769748344e-10
2.33287481538e-10	7.035180008e-10
2.37453329422e-10	6.12200519445e-10
2.41619177307e-10	5.52716553082e-10
2.45785025192e-10	5.74131332753e-10
2.49950873076e-10	5.39921052312e-10
