% time-domain current integration by openEMS v0.37.0-rc2 @Thu Sep 10 05:13:28 2026
% start-coordinates: (-1.03672e-05,-1.5e-06,0.00028375) m -> [60,11,8]
% stop-coordinates: (-1.645e-06,1e-06,0.00028375) m -> [73,16,8]
% t/s	current
4.70610922346e-16	0
4.16631849552e-12	-8.39804059627e-11
8.33216638013e-12	-9.24409299108e-11
1.24980142647e-11	-5.31739279344e-12
1.66638621493e-11	3.49504009067e-10
2.08297100339e-11	1.23924703832e-09
2.49955579185e-11	2.96681124112e-09
2.91614058031e-11	5.68852787097e-09
3.33272536877e-11	9.0056460067e-09
3.74931015723e-11	1.14522276107e-08
4.16589494569e-11	1.01013339915e-08
4.58247973416e-11	7.08798908455e-10
4.99906452262e-11	-2.11105390946e-08
5.41564931108e-11	-5.75289469396e-08
5.83223409954e-11	-1.05484787127e-07
6.248818888e-11	-1.54429642407e-07
6.66540367646e-11	-1.86655540801e-07
7.08198846492e-11	-1.81532072929e-07
7.49857325338e-11	-1.23296260313e-07
7.91515804184e-11	-9.70019797819e-09
8.3317428303e-11	1.42643443724e-07
8.74832761876e-11	2.99950727367e-07
9.16491240722e-11	4.20830247094e-07
9.58149719568e-11	4.70644152983e-07
9.99808198414e-11	4.34581238551e-07
1.04146667726e-10	3.23452496787e-07
1.08312515611e-10	1.69434827058e-07
1.12478363495e-10	1.38063320776e-08
1.1664421138e-10	-1.076324736e-07
1.20810059264e-10	-1.75192027996e-07
1.24975907149e-10	-1.88274881907e-07
1.29141755034e-10	-1.60967402962e-07
1.33307602918e-10	-1.13636396293e-07
1.37473450803e-10	-6.48021796223e-08
1.41639298687e-10	-2.62534598505e-08
1.45805146572e-10	-2.15255036018e-09
1.49970994457e-10	9.0055349844e-09
1.54136842341e-10	1.1403673561e-08
1.58302690226e-10	9.39375777165e-09
1.6246853811e-10	6.13285910944e-09
1.66634385995e-10	3.29790861286e-09
1.7080023388e-10	1.42594369645e-09
1.74966081764e-10	4.29486696207e-10
1.79131929649e-10	1.07763529003e-11
1.83297777533e-10	-1.06896949625e-10
1.87463625418e-10	-1.04053640704e-10
1.91629473303e-10	-3.43706903216e-11
1.95795321187e-10	-1.82466021459e-11
1.99961169072e-10	-1.64777375772e-11
2.04127016956e-10	-1.55704442395e-11
2.08292864841e-10	-1.71404401089e-11
2.12458712726e-10	-1.57081223029e-11
2.1662456061e-10	-1.45555963116e-11
2.20790408495e-10	-1.37261287406e-11
2.24956256379e-10	-1.37158114727e-11
2.29122104264e-10	-1.25506358778e-11
2.33287952149e-10	-1.3960688508e-11
2.37453800033e-10	-1.2236997006e-11
2.41619647918e-10	-1.111390667e-11
2.45785495802e-10	-1.14868097673e-11
2.49951343687e-10	-1.08596109535e-11
