% time-domain voltage integration by openEMS v0.37.0-rc2 @Thu Sep 10 00:21:43 2026
% start-coordinates: (2.5845e-05,0,0.00028375) m -> [137,12,8]
% stop-coordinates: (2.5845e-05,0,0.00029018) m -> [137,12,11]
% t/s	voltage
0	-0
4.16542476112e-12	-4.16171297424e-09
8.33084952225e-12	-5.02128338908e-09
1.24962742834e-11	8.05607455745e-11
1.66616990445e-11	1.84243251766e-08
2.08271238056e-11	6.56126051268e-08
2.49925485667e-11	1.5860864977e-07
2.91579733279e-11	3.0622749847e-07
3.3323398089e-11	4.88405632382e-07
3.74888228501e-11	6.28908281897e-07
4.16542476112e-11	5.72474206706e-07
4.58196723724e-11	9.01506034268e-08
4.99850971335e-11	-1.06140242906e-06
5.41505218946e-11	-3.01768591271e-06
5.83159466557e-11	-5.64611491427e-06
6.24813714169e-11	-8.41680207486e-06
6.6646796178e-11	-1.04015962279e-05
7.08122209391e-11	-1.0473326256e-05
7.49776457002e-11	-7.69680764279e-06
7.91430704613e-11	-1.78831709263e-06
8.33084952225e-11	6.56271697608e-06
8.74739199836e-11	1.57043705258e-05
9.16393447447e-11	2.34353228734e-05
9.58047695058e-11	2.77002172879e-05
9.9970194267e-11	2.72955235232e-05
1.04135619028e-10	2.22880685214e-05
1.08301043789e-10	1.39718902119e-05
1.1246646855e-10	4.397472253e-06
1.16631893311e-10	-4.31227533682e-06
1.20797318073e-10	-1.05790520593e-05
1.24962742834e-10	-1.37085230563e-05
1.29128167595e-10	-1.38876712299e-05
1.33293592356e-10	-1.1919119288e-05
1.37459017117e-10	-8.84645828592e-06
1.41624441878e-10	-5.62026878015e-06
1.45789866639e-10	-2.89455169877e-06
1.499552914e-10	-9.72171761759e-07
1.54120716162e-10	1.36858325561e-07
1.58286140923e-10	6.0167209881e-07
1.62451565684e-10	6.54871612937e-07
1.66616990445e-10	5.08178956693e-07
1.70782415206e-10	3.10607106258e-07
1.74947839967e-10	1.42423466798e-07
1.79113264728e-10	3.05693763636e-08
1.83278689489e-10	-2.90619146526e-08
1.87444114251e-10	-5.25924548356e-08
1.91609539012e-10	-5.43420339838e-08
1.95774963773e-10	-5.05082207169e-08
1.99940388534e-10	-4.46132606413e-08
2.04105813295e-10	-3.93983050628e-08
2.08271238056e-10	-3.44515704853e-08
2.12436662817e-10	-3.08915257818e-08
2.16602087578e-10	-2.8185922929e-08
2.2076751234e-10	-2.58285415278e-08
2.24932937101e-10	-2.34867392201e-08
2.29098361862e-10	-2.13677364691e-08
2.33263786623e-10	-1.94517655316e-08
2.37429211384e-10	-1.77146040059e-08
2.41594636145e-10	-1.60203028621e-08
2.45760060906e-10	-1.4646480917e-08
2.49925485667e-10	-1.33418944781e-08
2.54090910429e-10	-1.21121359609e-08
2.5825633519e-10	-1.10351037197e-08
2.62421759951e-10	-1.00120023383e-08
2.66587184712e-10	-9.10671160703e-09
2.70752609473e-10	-8.27745916254e-09
2.74918034234e-10	-7.55974860489e-09
2.79083458995e-10	-6.87329060334e-09
2.83248883756e-10	-6.25903096019e-09
2.87414308518e-10	-5.6827913486e-09
2.91579733279e-10	-5.15092601905e-09
2.9574515804e-10	-4.65270311167e-09
2.99910582801e-10	-4.24076185279e-09
3.04076007562e-10	-3.85628962096e-09
3.08241432323e-10	-3.48800943684e-09
3.12406857084e-10	-3.14590103967e-09
3.16572281845e-10	-2.8392466711e-09
3.20737706607e-10	-2.59071220032e-09
3.24903131368e-10	-2.31525454364e-09
3.29068556129e-10	-2.07933892327e-09
3.3323398089e-10	-1.87672394292e-09
3.37399405651e-10	-1.6684473525e-09
3.41564830412e-10	-1.50200807347e-09
