% time-domain current integration by openEMS v0.37.0-rc2 @Thu Sep 10 00:21:43 2026
% start-coordinates: (-3.04013e-05,-2e-06,0.00028375) m -> [89,10,8]
% stop-coordinates: (-2.1205e-05,1e-06,0.00028375) m -> [97,13,8]
% t/s	current
8.52522464413e-16	0
4.16627728359e-12	2.49777941386e-11
8.33170204471e-12	2.94733751294e-11
1.24971268058e-11	1.45460058928e-11
1.6662551567e-11	-9.15430509174e-11
2.08279763281e-11	-3.38648414866e-10
2.49934010892e-11	-8.1613882319e-10
2.91588258503e-11	-1.57165669368e-09
3.33242506115e-11	-2.47700904232e-09
3.74896753726e-11	-3.0949605101e-09
4.16551001337e-11	-2.56454302239e-09
4.58205248948e-11	3.37058714273e-10
4.99859496559e-11	6.79051570529e-09
5.41513744171e-11	1.71721907805e-08
5.83167991782e-11	3.01387323987e-08
6.24822239393e-11	4.20286845326e-08
6.66476487004e-11	4.72403129947e-08
7.08130734616e-11	3.99665189832e-08
7.49784982227e-11	1.7008595421e-08
7.91439229838e-11	-1.94691818223e-08
8.33093477449e-11	-6.08836145943e-08
8.74747725061e-11	-9.41235711593e-08
9.16401972672e-11	-1.06319966164e-07
9.58056220283e-11	-9.0654197038e-08
9.99710467894e-11	-5.03820309916e-08
1.04136471551e-10	1.36281486096e-09
1.08301896312e-10	4.63924294536e-08
1.12467321073e-10	6.88718841957e-08
1.16632745834e-10	6.17960296267e-08
1.20798170595e-10	2.94233473142e-08
1.24963595356e-10	-1.52933097297e-08
1.29129020117e-10	-5.66915794309e-08
1.33294444878e-10	-8.2692984904e-08
1.3745986964e-10	-8.85834410269e-08
1.41625294401e-10	-7.71033015212e-08
1.45790719162e-10	-5.56298935805e-08
1.49956143923e-10	-3.23525313206e-08
1.54121568684e-10	-1.32921753604e-08
1.58286993445e-10	-1.09441711249e-09
1.62452418206e-10	4.53566872949e-09
1.66617842967e-10	5.53636203549e-09
1.70783267729e-10	4.16765644218e-09
1.7494869249e-10	2.17043871764e-09
1.79114117251e-10	5.03025565646e-10
1.83279542012e-10	-5.31884092325e-10
1.87444966773e-10	-1.00720665142e-09
1.91610391534e-10	-1.12949938291e-09
1.95775816295e-10	-1.07816366945e-09
1.99941241056e-10	-9.62107837843e-10
2.04106665818e-10	-8.51808956703e-10
2.08272090579e-10	-7.53338169623e-10
2.1243751534e-10	-6.8550165544e-10
2.16602940101e-10	-6.31180885335e-10
2.20768364862e-10	-5.79116754551e-10
2.24933789623e-10	-5.33059874019e-10
2.29099214384e-10	-4.90246954143e-10
2.33264639145e-10	-4.49614068199e-10
2.37430063907e-10	-4.13458267623e-10
2.41595488668e-10	-3.82101572605e-10
2.45760913429e-10	-3.51156465017e-10
2.4992633819e-10	-3.2391939131e-10
2.54091762951e-10	-2.9960381398e-10
2.58257187712e-10	-2.7624316723e-10
2.62422612473e-10	-2.55951398964e-10
2.66588037234e-10	-2.37321495788e-10
2.70753461996e-10	-2.19111950805e-10
2.74918886757e-10	-2.03454350589e-10
2.79084311518e-10	-1.89527851746e-10
2.83249736279e-10	-1.76040140798e-10
2.8741516104e-10	-1.64040087069e-10
2.91580585801e-10	-1.53182966312e-10
2.95746010562e-10	-1.42829345573e-10
2.99911435323e-10	-1.33655211898e-10
3.04076860084e-10	-1.25253446503e-10
3.08242284846e-10	-1.16933088212e-10
3.12407709607e-10	-1.09896501621e-10
3.16573134368e-10	-1.03590511169e-10
3.20738559129e-10	-9.69698418785e-11
3.2490398389e-10	-9.13521341905e-11
3.29069408651e-10	-8.62057786266e-11
3.33234833412e-10	-8.14637593494e-11
3.37400258173e-10	-7.71559899304e-11
3.41565682935e-10	-7.29660359911e-11
