% time-domain current integration by openEMS v0.37.0-rc2 @Thu Sep 10 00:21:43 2026
% start-coordinates: (2.0205e-05,-2e-06,0.00028375) m -> [132,10,8]
% stop-coordinates: (2.9425e-05,1e-06,0.00028375) m -> [140,13,8]
% t/s	current
8.52522464413e-16	0
4.16627728359e-12	-3.54523875534e-11
8.33170204471e-12	-2.71353963605e-11
1.24971268058e-11	2.14827738931e-11
1.6662551567e-11	2.14481557514e-10
2.08279763281e-11	6.27675300624e-10
2.49934010892e-11	1.34896005477e-09
2.91588258503e-11	2.35430519524e-09
3.33242506115e-11	3.34641225841e-09
3.74896753726e-11	3.57076945789e-09
4.16551001337e-11	1.77026127091e-09
4.58205248948e-11	-3.55981688571e-09
4.99859496559e-11	-1.34940565388e-08
5.41513744171e-11	-2.76269815913e-08
5.83167991782e-11	-4.30657181028e-08
6.24822239393e-11	-5.41809370702e-08
6.66476487004e-11	-5.37666231537e-08
7.08130734616e-11	-3.57943541474e-08
7.49784982227e-11	1.04322750438e-09
7.91439229838e-11	5.06791408839e-08
8.33093477449e-11	9.97882168008e-08
8.74747725061e-11	1.31598639541e-07
9.16401972672e-11	1.32442934841e-07
9.58056220283e-11	9.82860086651e-08
9.99710467894e-11	3.78610245377e-08
1.04136471551e-10	-2.96586453175e-08
1.08301896312e-10	-8.18614012132e-08
1.12467321073e-10	-1.01996285196e-07
1.16632745834e-10	-8.53983479487e-08
1.20798170595e-10	-4.05424884775e-08
1.24963595356e-10	1.54287445042e-08
1.29129020117e-10	6.41704929194e-08
1.33294444878e-10	9.2953314379e-08
1.3745986964e-10	9.80294245778e-08
1.41625294401e-10	8.38353884092e-08
1.45790719162e-10	5.93209428246e-08
1.49956143923e-10	3.36533112488e-08
1.54121568684e-10	1.31742599052e-08
1.58286993445e-10	3.97802457641e-10
1.62452418206e-10	-5.28648858023e-09
1.66617842967e-10	-6.11384498583e-09
1.70783267729e-10	-4.53734294581e-09
1.7494869249e-10	-2.38405739594e-09
1.79114117251e-10	-6.25697216261e-10
1.83279542012e-10	4.50767950744e-10
1.87444966773e-10	9.3992169603e-10
1.91610391534e-10	1.08748055005e-09
1.95775816295e-10	1.00991848218e-09
1.99941241056e-10	8.92016349674e-10
2.04106665818e-10	7.87737541863e-10
2.08272090579e-10	6.88993473386e-10
2.1243751534e-10	6.17661810587e-10
2.16602940101e-10	5.63642021945e-10
2.20768364862e-10	5.16459985889e-10
2.24933789623e-10	4.69719207974e-10
2.29099214384e-10	4.27416962934e-10
2.33264639145e-10	3.88938964369e-10
2.37430063907e-10	3.54313411943e-10
2.41595488668e-10	3.2033600772e-10
2.45760913429e-10	2.92933871604e-10
2.4992633819e-10	2.66833916074e-10
2.54091762951e-10	2.42163261666e-10
2.58257187712e-10	2.20656840022e-10
2.62422612473e-10	2.00226529801e-10
2.66588037234e-10	1.82085541089e-10
2.70753461996e-10	1.65464072999e-10
2.74918886757e-10	1.51168064177e-10
2.79084311518e-10	1.37422087598e-10
2.83249736279e-10	1.25132168516e-10
2.8741516104e-10	1.13704760885e-10
2.91580585801e-10	1.0300112846e-10
2.95746010562e-10	9.30118690401e-11
2.99911435323e-10	8.4761482555e-11
3.04076860084e-10	7.71120806098e-11
3.08242284846e-10	6.97115212778e-11
3.12407709607e-10	6.28939678116e-11
3.16573134368e-10	5.67754003533e-11
3.20738559129e-10	5.17845488712e-11
3.2490398389e-10	4.62927959854e-11
3.29069408651e-10	4.15593670589e-11
3.33234833412e-10	3.75286260401e-11
3.37400258173e-10	3.33521335549e-11
3.41565682935e-10	3.0034877363e-11
