% time-domain voltage integration by openEMS v0.37.0-rc2 @Thu Sep 10 00:21:43 2026
% start-coordinates: (-2.5845e-05,0,0.00028375) m -> [93,12,8]
% stop-coordinates: (-2.5845e-05,0,0.00029018) m -> [93,12,11]
% t/s	voltage
0	-0
4.16542476112e-12	-1.25827051556e-09
8.33084952225e-12	-1.47579312659e-09
1.24962742834e-11	-7.39592373455e-10
1.66616990445e-11	4.55934756616e-09
2.08271238056e-11	1.68879168427e-08
2.49925485667e-11	4.07312361617e-08
2.91579733279e-11	7.84778624308e-08
3.3323398089e-11	1.23745802938e-07
3.74888228501e-11	1.54721345069e-07
4.16542476112e-11	1.28412729339e-07
4.58196723724e-11	-1.63000151154e-08
4.99850971335e-11	-3.38498935548e-07
5.41505218946e-11	-8.57147043121e-07
5.83159466557e-11	-1.50533605847e-06
6.24813714169e-11	-2.10028326819e-06
6.6646796178e-11	-2.36204652992e-06
7.08122209391e-11	-2.00014244456e-06
7.49776457002e-11	-8.54148382246e-07
7.91430704613e-11	9.68484215491e-07
8.33084952225e-11	3.03931579992e-06
8.74739199836e-11	4.70308782496e-06
9.16393447447e-11	5.31599152964e-06
9.58047695058e-11	4.53608163298e-06
9.9970194267e-11	2.52487501484e-06
1.04135619028e-10	-6.19129494339e-08
1.08301043789e-10	-2.31509579862e-06
1.1246646855e-10	-3.44224054061e-06
1.16631893311e-10	-3.09184514435e-06
1.20797318073e-10	-1.47558938579e-06
1.24962742834e-10	7.59602272637e-07
1.29128167595e-10	2.83056016315e-06
1.33293592356e-10	4.13269674482e-06
1.37459017117e-10	4.42941006895e-06
1.41624441878e-10	3.85699468097e-06
1.45789866639e-10	2.7839950576e-06
1.499552914e-10	1.6199736308e-06
1.54120716162e-10	6.66306220864e-07
1.58286140923e-10	5.56586163825e-08
1.62451565684e-10	-2.26472746334e-07
1.66616990445e-10	-2.76881927164e-07
1.70782415206e-10	-2.08594826745e-07
1.74947839967e-10	-1.0873884726e-07
1.79113264728e-10	-2.53071226197e-08
1.83278689489e-10	2.65078554662e-08
1.87444114251e-10	5.03228951843e-08
1.91609539012e-10	5.6434788398e-08
1.95774963773e-10	5.3908174813e-08
1.99940388534e-10	4.81125930207e-08
2.04105813295e-10	4.25962038975e-08
2.08271238056e-10	3.76724802464e-08
2.12436662817e-10	3.42831061317e-08
2.16602087578e-10	3.15641344173e-08
2.2076751234e-10	2.89582815505e-08
2.24932937101e-10	2.66572453e-08
2.29098361862e-10	2.45109501584e-08
2.33263786623e-10	2.24829506124e-08
2.37429211384e-10	2.06744839026e-08
2.41594636145e-10	1.91074507327e-08
2.45760060906e-10	1.75632965949e-08
2.49925485667e-10	1.61960871381e-08
2.54090910429e-10	1.49866110633e-08
2.5825633519e-10	1.38150633155e-08
2.62421759951e-10	1.2799020066e-08
2.66587184712e-10	1.18652723202e-08
2.70752609473e-10	1.09581073104e-08
2.74918034234e-10	1.01728119262e-08
2.79083458995e-10	9.47906619864e-09
2.83248883756e-10	8.80483264076e-09
2.87414308518e-10	8.20303425186e-09
2.91579733279e-10	7.66197350011e-09
2.9574515804e-10	7.14360359755e-09
2.99910582801e-10	6.6839704882e-09
3.04076007562e-10	6.26220342248e-09
3.08241432323e-10	5.8471240072e-09
3.12406857084e-10	5.49651479886e-09
3.16572281845e-10	5.17928067101e-09
3.20737706607e-10	4.84801354617e-09
3.24903131368e-10	4.56871562804e-09
3.29068556129e-10	4.30988711386e-09
3.3323398089e-10	4.07365530197e-09
3.37399405651e-10	3.85799503455e-09
3.41564830412e-10	3.64782121176e-09
