% time-domain voltage integration by openEMS v0.37.0-rc2 @Wed Sep  9 23:52:08 2026
% start-coordinates: (-2.0225e-05,0,0.00028375) m -> [82,12,8]
% stop-coordinates: (-2.0225e-05,0,0.00029018) m -> [82,12,11]
% t/s	voltage
0	-0
4.16656631696e-12	-3.56884444219e-09
8.33313263392e-12	-4.22509260911e-09
1.24996989509e-11	-2.24641902302e-11
1.66662652678e-11	1.60973847585e-08
2.08328315848e-11	5.60275870143e-08
2.49993979018e-11	1.34184546141e-07
2.91659642187e-11	2.576540723e-07
3.33325305357e-11	4.08583751721e-07
3.74990968527e-11	5.21954916621e-07
4.16656631696e-11	4.66661418841e-07
4.58322294866e-11	5.22700283057e-08
4.99987958035e-11	-9.19577729519e-07
5.41653621205e-11	-2.55211347167e-06
5.83319284375e-11	-4.72114345484e-06
6.24984947544e-11	-6.974338703e-06
6.66650610714e-11	-8.54211566548e-06
7.08316273884e-11	-8.51404229252e-06
7.49981937053e-11	-6.16694239852e-06
7.91647600223e-11	-1.33120539658e-06
8.33313263392e-11	5.37540790901e-06
8.74978926562e-11	1.25977858261e-05
9.16644589732e-11	1.86103061424e-05
9.58310252901e-11	2.18784184653e-05
9.99975916071e-11	2.15814457079e-05
1.04164157924e-10	1.78718673851e-05
1.08330724241e-10	1.17697529731e-05
1.12497290558e-10	4.76539378269e-06
1.16663856875e-10	-1.67781303162e-06
1.20830423192e-10	-6.5146034558e-06
1.24996989509e-10	-9.28710187509e-06
1.29163555826e-10	-1.00753436527e-05
1.33330122143e-10	-9.31675231186e-06
1.3749668846e-10	-7.59838951581e-06
1.41663254777e-10	-5.49178776055e-06
1.45829821094e-10	-3.45246013467e-06
1.49996387411e-10	-1.77666464651e-06
1.54162953728e-10	-5.98797285534e-07
1.58329520045e-10	8.30297999244e-08
1.62496086362e-10	3.63329014874e-07
1.66662652678e-10	3.78625685471e-07
1.70829218995e-10	2.62234621573e-07
1.74995785312e-10	1.14718345046e-07
1.79162351629e-10	-6.46615971878e-09
1.83328917946e-10	-8.14428311458e-08
1.87495484263e-10	-1.14303313481e-07
1.9166205058e-10	-1.17457274129e-07
1.95828616897e-10	-1.09034848705e-07
1.99995183214e-10	-9.65144195675e-08
2.04161749531e-10	-8.5061749644e-08
2.08328315848e-10	-7.4995254451e-08
2.12494882165e-10	-6.72841071747e-08
2.16661448482e-10	-6.12587616189e-08
2.20828014799e-10	-5.59652031384e-08
2.24994581116e-10	-5.11852853435e-08
2.29161147433e-10	-4.67703431539e-08
2.3332771375e-10	-4.26052926272e-08
2.37494280067e-10	-3.87891629927e-08
2.41660846384e-10	-3.53347795468e-08
2.45827412701e-10	-3.21713313767e-08
2.49993979018e-10	-2.92776451971e-08
2.54160545335e-10	-2.66751469802e-08
2.58327111652e-10	-2.42857645105e-08
2.62493677969e-10	-2.20946261287e-08
2.66660244286e-10	-2.01260004218e-08
2.70826810603e-10	-1.8326608231e-08
2.74993376919e-10	-1.66557208026e-08
2.79159943236e-10	-1.51546064586e-08
2.83326509553e-10	-1.37834792469e-08
2.8749307587e-10	-1.25226260472e-08
2.91659642187e-10	-1.14026186271e-08
2.95826208504e-10	-1.03504556037e-08
2.99992774821e-10	-9.41288469392e-09
3.04159341138e-10	-8.53380077714e-09
3.08325907455e-10	-7.7533113263e-09
3.12492473772e-10	-7.03889224685e-09
3.16659040089e-10	-6.37513652979e-09
3.20825606406e-10	-5.77062231333e-09
3.24992172723e-10	-5.22633025746e-09
3.2915873904e-10	-4.71531047541e-09
3.33325305357e-10	-4.26462265501e-09
3.37491871674e-10	-3.85046139417e-09
3.41658437991e-10	-3.46900336234e-09
3.45825004308e-10	-3.12696346594e-09
