% time-domain voltage integration by openEMS v0.37.0-rc2 @Wed Sep  9 23:52:08 2026
% start-coordinates: (1.9325e-05,0,0.00028375) m -> [115,12,8]
% stop-coordinates: (1.9325e-05,0,0.00029018) m -> [115,12,11]
% t/s	voltage
0	-0
4.16656631696e-12	-9.90279053203e-10
8.33313263392e-12	-1.13092668563e-09
1.24996989509e-11	-4.24380620923e-10
1.66662652678e-11	3.66085034509e-09
2.08328315848e-11	1.41858695901e-08
2.49993979018e-11	3.48182460641e-08
2.91659642187e-11	6.74058231454e-08
3.33325305357e-11	1.06906767883e-07
3.74990968527e-11	1.35313804606e-07
4.16656631696e-11	1.1555931323e-07
4.58322294866e-11	-5.66958824333e-09
4.99987958035e-11	-2.82555781439e-07
5.41653621205e-11	-7.37386244509e-07
5.83319284375e-11	-1.31971785322e-06
6.24984947544e-11	-1.87557327536e-06
6.66650610714e-11	-2.1563946575e-06
7.08316273884e-11	-1.88570373894e-06
7.49981937053e-11	-8.80883462173e-07
7.91647600223e-11	8.14912567648e-07
8.33313263392e-11	2.85874841666e-06
8.74978926562e-11	4.65687946871e-06
9.16644589732e-11	5.55195629204e-06
9.58310252901e-11	5.09086555667e-06
9.99975916071e-11	3.25483938468e-06
1.04164157924e-10	5.30292325607e-07
1.08330724241e-10	-2.23718205916e-06
1.12497290558e-10	-4.1572839109e-06
1.16663856875e-10	-4.6401291911e-06
1.20830423192e-10	-3.61440970664e-06
1.24996989509e-10	-1.52334106929e-06
1.29163555826e-10	8.86954424573e-07
1.33330122143e-10	2.87498238549e-06
1.3749668846e-10	3.96475616071e-06
1.41663254777e-10	4.05801824854e-06
1.45829821094e-10	3.38118917398e-06
1.49996387411e-10	2.32512360299e-06
1.54162953728e-10	1.26915341525e-06
1.58329520045e-10	4.62440659987e-07
1.62496086362e-10	-9.31188726128e-09
1.66662652678e-10	-1.88321109817e-07
1.70829218995e-10	-1.78853671429e-07
1.74995785312e-10	-8.76424088858e-08
1.79162351629e-10	1.02689508008e-08
1.83328917946e-10	7.89269503088e-08
1.87495484263e-10	1.1213610307e-07
1.9166205058e-10	1.19070087123e-07
1.95828616897e-10	1.11667432634e-07
1.99995183214e-10	9.93096520574e-08
2.04161749531e-10	8.77238530705e-08
2.08328315848e-10	7.75376474138e-08
2.12494882165e-10	6.9848649531e-08
2.16661448482e-10	6.36271302312e-08
2.20828014799e-10	5.8458003771e-08
2.24994581116e-10	5.36950670593e-08
2.29161147433e-10	4.91153260285e-08
2.3332771375e-10	4.49426176274e-08
2.37494280067e-10	4.11526439592e-08
2.41660846384e-10	3.75842867939e-08
2.45827412701e-10	3.43907906597e-08
2.49993979018e-10	3.14929833323e-08
2.54160545335e-10	2.88476487142e-08
2.58327111652e-10	2.6441930423e-08
2.62493677969e-10	2.42436013487e-08
2.66660244286e-10	2.2207359951e-08
2.70826810603e-10	2.03766625795e-08
2.74993376919e-10	1.86997457519e-08
2.79159943236e-10	1.7160166621e-08
2.83326509553e-10	1.57617661145e-08
2.8749307587e-10	1.44685505798e-08
2.91659642187e-10	1.33094120169e-08
2.95826208504e-10	1.22517542778e-08
2.99992774821e-10	1.12796798568e-08
3.04159341138e-10	1.03921369288e-08
3.08325907455e-10	9.56877244107e-09
3.12492473772e-10	8.83029183107e-09
3.16659040089e-10	8.14064993193e-09
3.20825606406e-10	7.52380668878e-09
3.24992172723e-10	6.9418398807e-09
3.2915873904e-10	6.42414765828e-09
3.33325305357e-10	5.9540720132e-09
3.37491871674e-10	5.51580026098e-09
3.41658437991e-10	5.11893583077e-09
3.45825004308e-10	4.74009387297e-09
