% time-domain current integration by openEMS v0.37.0-rc2 @Wed Sep  9 23:52:08 2026
% start-coordinates: (1.5725e-05,-2e-06,0.00028375) m -> [112,10,8]
% stop-coordinates: (2.2825e-05,1e-06,0.00028375) m -> [118,13,8]
% t/s	current
8.01879583711e-16	0
4.16736819655e-12	1.96565784483e-11
8.33393451351e-12	2.25601828885e-11
1.25005008305e-11	8.5927272242e-12
1.66670671474e-11	-7.34457980545e-11
2.08336334644e-11	-2.84243489856e-10
2.50001997814e-11	-6.97360669211e-10
2.91667660983e-11	-1.34956779085e-09
3.33333324153e-11	-2.13959538975e-09
3.74998987322e-11	-2.70672972924e-09
4.16664650492e-11	-2.30899166453e-09
4.58330313662e-11	1.20526366665e-10
4.99995976831e-11	5.66487923237e-09
5.41661640001e-11	1.476792022e-08
5.83327303171e-11	2.64173714015e-08
6.2499296634e-11	3.75296274058e-08
6.6665862951e-11	4.31307753956e-08
7.08324292679e-11	3.76921285294e-08
7.49989955849e-11	1.75671868163e-08
7.91655619019e-11	-1.63706435075e-08
8.33321282188e-11	-5.72516505315e-08
8.74986945358e-11	-9.3194230999e-08
9.16652608527e-11	-1.11053488183e-07
9.58318271697e-11	-1.01779107808e-07
9.99983934867e-11	-6.50137295111e-08
1.04164959804e-10	-1.05026041197e-08
1.08331526121e-10	4.48342767356e-08
1.12498092438e-10	8.31952036151e-08
1.16664658755e-10	9.27979755261e-08
1.20831225071e-10	7.22357356153e-08
1.24997791388e-10	3.03882643493e-08
1.29164357705e-10	-1.78165500131e-08
1.33330924022e-10	-5.75538230407e-08
1.37497490339e-10	-7.93157042267e-08
1.41664056656e-10	-8.11499205611e-08
1.45830622973e-10	-6.75935325489e-08
1.4999718929e-10	-4.64661376043e-08
1.54163755607e-10	-2.53516319049e-08
1.58330321924e-10	-9.22783804924e-09
1.62496888241e-10	1.9635909565e-10
1.66663454558e-10	3.76838293903e-09
1.70830020875e-10	3.57473339818e-09
1.74996587192e-10	1.74925585128e-09
1.79163153509e-10	-2.08359926535e-10
1.83329719826e-10	-1.5803016673e-09
1.87496286143e-10	-2.24338947419e-09
1.9166285246e-10	-2.38174702183e-09
1.95829418777e-10	-2.23316942716e-09
1.99995985094e-10	-1.98572758237e-09
2.04162551411e-10	-1.75435155292e-09
2.08329117728e-10	-1.55055956963e-09
2.12495684045e-10	-1.39679012801e-09
2.16662250362e-10	-1.2723234688e-09
2.20828816679e-10	-1.16900777947e-09
2.24995382996e-10	-1.07373177016e-09
2.29161949312e-10	-9.82169234831e-10
2.33328515629e-10	-8.98699892282e-10
2.37495081946e-10	-8.22946988333e-10
2.41661648263e-10	-7.51540440991e-10
2.4582821458e-10	-6.87728041182e-10
2.49994780897e-10	-6.29771457206e-10
2.54161347214e-10	-5.76871661551e-10
2.58327913531e-10	-5.28777133191e-10
2.62494479848e-10	-4.84779993926e-10
2.66661046165e-10	-4.44165398905e-10
2.70827612482e-10	-4.0748859842e-10
2.74994178799e-10	-3.74037328887e-10
2.79160745116e-10	-3.43170242223e-10
2.83327311433e-10	-3.15194148559e-10
2.8749387775e-10	-2.89337553916e-10
2.91660444067e-10	-2.66142635708e-10
2.95827010384e-10	-2.45009512678e-10
2.99993576701e-10	-2.25564664169e-10
3.04160143018e-10	-2.07820982645e-10
3.08326709335e-10	-1.9141860319e-10
3.12493275652e-10	-1.76599512791e-10
3.16659841969e-10	-1.62839519646e-10
3.20826408286e-10	-1.50436232915e-10
3.24992974603e-10	-1.38855676957e-10
3.2915954092e-10	-1.28461852267e-10
3.33326107237e-10	-1.1908284081e-10
3.37492673554e-10	-1.10324055447e-10
3.4165923987e-10	-1.0238922904e-10
3.45825806187e-10	-9.47649320127e-11
