% time-domain current integration by openEMS v0.37.0-rc2 @Wed Sep  9 23:52:08 2026
% start-coordinates: (-2.3795e-05,-2e-06,0.00028375) m -> [79,10,8]
% stop-coordinates: (-1.6725e-05,1e-06,0.00028375) m -> [85,13,8]
% t/s	current
8.01879583711e-16	0
4.16736819655e-12	-2.80476145781e-11
8.33393451351e-12	-2.21740611983e-11
1.25005008305e-11	1.98605576429e-11
1.66670671474e-11	1.66031882687e-10
2.08336334644e-11	5.02989205842e-10
2.50001997814e-11	1.09932840608e-09
2.91667660983e-11	1.939932881e-09
3.33333324153e-11	2.79593037611e-09
3.74998987322e-11	3.05753200536e-09
4.16664650492e-11	1.69412039952e-09
4.58330313662e-11	-2.57595389463e-09
4.99995976831e-11	-1.07498809854e-08
5.41661640001e-11	-2.26739977904e-08
5.83327303171e-11	-3.61652894298e-08
6.2499296634e-11	-4.66629757057e-08
6.6665862951e-11	-4.79829722622e-08
7.08324292679e-11	-3.44476340786e-08
7.49989955849e-11	-3.84461307235e-09
7.91655619019e-11	3.99997865941e-08
8.33321282188e-11	8.66456204562e-08
8.74986945358e-11	1.21457901514e-07
9.16652608527e-11	1.30707476842e-07
9.58318271697e-11	1.0744766854e-07
9.99983934867e-11	5.54557573196e-08
1.04164959804e-10	-1.09707656293e-08
1.08331526121e-10	-7.17257506722e-08
1.12498092438e-10	-1.08311596136e-07
1.16664658755e-10	-1.10705414613e-07
1.20831225071e-10	-8.06812110454e-08
1.24997791388e-10	-3.02868841118e-08
1.29164357705e-10	2.35112622704e-08
1.33330924022e-10	6.53821317087e-08
1.37497490339e-10	8.65372555836e-08
1.41664056656e-10	8.63059739231e-08
1.45830622973e-10	7.04222244963e-08
1.4999718929e-10	4.74581760557e-08
1.54163755607e-10	2.52493776998e-08
1.58330321924e-10	8.67809379912e-09
1.62496888241e-10	-7.86256670882e-10
1.66663454558e-10	-4.2209826745e-09
1.70830020875e-10	-3.86291354459e-09
1.74996587192e-10	-1.91359683654e-09
1.79163153509e-10	1.15543581647e-10
1.83329719826e-10	1.52000745324e-09
1.87496286143e-10	2.19312412675e-09
1.9166285246e-10	2.3489934442e-09
1.95829418777e-10	2.18028772814e-09
1.99995985094e-10	1.92985205594e-09
2.04162551411e-10	1.70079261785e-09
2.08329117728e-10	1.49955758921e-09
2.12495684045e-10	1.34558386655e-09
2.16662250362e-10	1.22498922117e-09
2.20828816679e-10	1.11911580003e-09
2.24995382996e-10	1.02362296417e-09
2.29161949312e-10	9.35233890331e-10
2.33328515629e-10	8.51937631552e-10
2.37495081946e-10	7.75656316954e-10
2.41661648263e-10	7.06517677695e-10
2.4582821458e-10	6.43341269146e-10
2.49994780897e-10	5.85534398745e-10
2.54161347214e-10	5.33436461669e-10
2.58327913531e-10	4.85663065319e-10
2.62494479848e-10	4.41807618268e-10
2.66661046165e-10	4.02438665725e-10
2.70827612482e-10	3.66490143788e-10
2.74994178799e-10	3.33041538791e-10
2.79160745116e-10	3.03040370575e-10
2.83327311433e-10	2.75580086528e-10
2.8749387775e-10	2.50369808219e-10
2.91660444067e-10	2.28042210115e-10
2.95827010384e-10	2.06904243738e-10
2.99993576701e-10	1.88195237172e-10
3.04160143018e-10	1.70635242047e-10
3.08326709335e-10	1.55021800952e-10
3.12493275652e-10	1.40727290932e-10
3.16659841969e-10	1.27463165023e-10
3.20826408286e-10	1.15418494206e-10
3.24992974603e-10	1.04487994645e-10
3.2915954092e-10	9.43453093427e-11
3.33326107237e-10	8.52480377955e-11
3.37492673554e-10	7.69925304067e-11
3.4165923987e-10	6.93437737787e-11
3.45825806187e-10	6.25459059544e-11
