% time-domain voltage integration by openEMS v0.37.0-rc2 @Wed Sep  9 23:49:49 2026
% start-coordinates: (5.24e-06,0,0.00028375) m -> [49,12,8]
% stop-coordinates: (5.24e-06,0,0.00029498) m -> [49,12,11]
% t/s	voltage
0	-0
4.16557677529e-12	-3.32535626812e-09
8.33115355058e-12	-3.50153261941e-09
1.24967303259e-11	1.47020978725e-09
1.66623071012e-11	1.86764683718e-08
2.08278838765e-11	5.93457967213e-08
2.49934606517e-11	1.35341121421e-07
2.9159037427e-11	2.49182548373e-07
3.33246142023e-11	3.77718208711e-07
3.74901909776e-11	4.5159320905e-07
4.16557677529e-11	3.42594177027e-07
4.58213445282e-11	-1.22147088888e-07
4.99869213035e-11	-1.10239213313e-06
5.41524980788e-11	-2.64255078264e-06
5.83180748541e-11	-4.55512827102e-06
6.24836516294e-11	-6.35035030427e-06
6.66492284047e-11	-7.28623047053e-06
7.081480518e-11	-6.57709108509e-06
7.49803819552e-11	-3.72165561657e-06
7.91459587305e-11	1.17495631002e-06
8.33115355058e-11	7.25663971934e-06
8.74771122811e-11	1.30723697112e-05
9.16426890564e-11	1.70255507328e-05
9.58082658317e-11	1.79508288056e-05
9.9973842607e-11	1.55655870913e-05
1.04139419382e-10	1.05828189589e-05
1.08304996158e-10	4.43109206572e-06
1.12470572933e-10	-1.28486027506e-06
1.16636149708e-10	-5.33481647835e-06
1.20801726483e-10	-7.19580498298e-06
1.24967303259e-10	-7.06710488885e-06
1.29132880034e-10	-5.62561342576e-06
1.33298456809e-10	-3.6788410398e-06
1.37464033585e-10	-1.87671344065e-06
1.4162961036e-10	-5.73397358039e-07
1.45795187135e-10	1.61321970893e-07
1.4996076391e-10	4.4067372329e-07
1.54126340686e-10	4.43226902291e-07
1.58291917461e-10	3.27966084512e-07
1.62457494236e-10	1.97371701205e-07
1.66623071012e-10	9.78545635633e-08
1.70788647787e-10	3.81105085268e-08
1.74954224562e-10	9.27571131015e-09
1.79119801338e-10	-1.19304166546e-09
1.83285378113e-10	-3.1214048013e-09
1.87450954888e-10	-2.1931816363e-09
1.91616531663e-10	1.23652085793e-09
1.95782108439e-10	6.85664289235e-10
1.99947685214e-10	6.29183774525e-10
2.04113261989e-10	6.12468506467e-10
2.08278838765e-10	6.63441065973e-10
2.1244441554e-10	6.09888403669e-10
2.16609992315e-10	5.47967088371e-10
2.2077556909e-10	5.12565906385e-10
2.24941145866e-10	5.18576903641e-10
2.29106722641e-10	4.76514078196e-10
2.33272299416e-10	5.24422810733e-10
2.37437876192e-10	4.67439503771e-10
2.41603452967e-10	4.37496761041e-10
2.45769029742e-10	4.4227622259e-10
2.49934606517e-10	4.1389885963e-10
2.54100183293e-10	3.95355123639e-10
2.58265760068e-10	3.8799726626e-10
