% time-domain voltage integration by openEMS v0.37.0-rc2 @Wed Sep  9 23:49:49 2026
% start-coordinates: (-5.24e-06,0,0.00028375) m -> [40,12,8]
% stop-coordinates: (-5.24e-06,0,0.00029498) m -> [40,12,11]
% t/s	voltage
0	-0
4.16557677529e-12	-2.82372275562e-09
8.33115355058e-12	-3.5887834926e-09
1.24967303259e-11	-1.17205004035e-09
1.66623071012e-11	9.73511804503e-09
2.08278838765e-11	3.86870961933e-08
2.49934606517e-11	9.74844827084e-08
2.9159037427e-11	1.9344952662e-07
3.33246142023e-11	3.1631100228e-07
3.74901909776e-11	4.19346839919e-07
4.16557677529e-11	4.0215354602e-07
4.58213445282e-11	1.12138089037e-07
4.99869213035e-11	-6.18786074824e-07
5.41524980788e-11	-1.89232699199e-06
5.83180748541e-11	-3.63262029168e-06
6.24836516294e-11	-5.49193987354e-06
6.66492284047e-11	-6.84357996761e-06
7.081480518e-11	-6.91685318088e-06
7.49803819552e-11	-5.07212450884e-06
7.91459587305e-11	-1.12976582045e-06
8.33115355058e-11	4.40041480942e-06
8.74771122811e-11	1.03363083781e-05
9.16426890564e-11	1.51413992171e-05
9.58082658317e-11	1.744823021e-05
9.9973842607e-11	1.6571431388e-05
1.04139419382e-10	1.27755297399e-05
1.08304996158e-10	7.17041530152e-06
1.12470572933e-10	1.28458111703e-06
1.16636149708e-10	-3.48434991793e-06
1.20801726483e-10	-6.30098645615e-06
1.24967303259e-10	-7.04741000845e-06
1.29132880034e-10	-6.19126558377e-06
1.33298456809e-10	-4.48180242074e-06
1.37464033585e-10	-2.63525447508e-06
1.4162961036e-10	-1.13163011406e-06
1.45795187135e-10	-1.61954559985e-07
1.4996076391e-10	3.08489667589e-07
1.54126340686e-10	4.29415663916e-07
1.58291917461e-10	3.66791006456e-07
1.62457494236e-10	2.45856739411e-07
1.66623071012e-10	1.35967795245e-07
1.70788647787e-10	6.1400088569e-08
1.74954224562e-10	2.07194594815e-08
1.79119801338e-10	3.11467507341e-09
1.83285378113e-10	-2.17603901564e-09
1.87450954888e-10	-2.38784070294e-09
1.91616531663e-10	-8.03333816135e-10
1.95782108439e-10	8.60231719191e-10
1.99947685214e-10	8.15650519348e-10
2.04113261989e-10	7.78555567238e-10
2.08278838765e-10	7.75058517366e-10
2.1244441554e-10	7.62450477754e-10
2.16609992315e-10	6.97947186157e-10
2.2077556909e-10	6.75547867646e-10
2.24941145866e-10	6.36248137509e-10
2.29106722641e-10	6.27555465926e-10
2.33272299416e-10	6.39463385022e-10
2.37437876192e-10	6.01148450463e-10
2.41603452967e-10	5.49597117816e-10
2.45769029742e-10	5.35768013288e-10
2.49934606517e-10	5.14818701558e-10
2.54100183293e-10	4.77932651788e-10
2.58265760068e-10	4.71187089346e-10
