% time-domain current integration by openEMS v0.37.0-rc2 @Wed Sep  9 23:49:49 2026
% start-coordinates: (6.45e-07,-2e-06,0.00028375) m -> [45,10,8]
% stop-coordinates: (9.865e-06,1e-06,0.00028375) m -> [53,13,8]
% t/s	current
8.40172806634e-16	0
4.1664169481e-12	-6.29343174796e-11
8.33199372339e-12	-6.86443957232e-11
1.24975704987e-11	-3.91784131179e-12
1.6663147274e-11	2.61551669212e-10
2.08287240493e-11	9.26072163399e-10
2.49943008246e-11	2.21607221462e-09
2.91598775998e-11	4.2460759353e-09
3.33254543751e-11	6.71817179665e-09
3.74910311504e-11	8.53602788453e-09
4.16566079257e-11	7.51495488061e-09
4.5822184701e-11	4.92091922766e-10
4.99877614763e-11	-1.57985233784e-08
5.41533382516e-11	-4.29653432832e-08
5.83189150269e-11	-7.87093625831e-08
6.24844918022e-11	-1.1515201237e-07
6.66500685775e-11	-1.39085372552e-07
7.08156453528e-11	-1.35142528279e-07
7.49812221281e-11	-9.16071698498e-08
7.91467989033e-11	-6.85237155906e-09
8.33123756786e-11	1.06691040003e-07
8.74779524539e-11	2.23816513767e-07
9.16435292292e-11	3.13688985898e-07
9.58091060045e-11	3.50547054495e-07
9.99746827798e-11	3.23431635252e-07
1.04140259555e-10	2.40474093971e-07
1.0830583633e-10	1.25694526787e-07
1.12471413106e-10	9.8473789123e-09
1.16636989881e-10	-8.0438475436e-08
1.20802566656e-10	-1.30559897116e-07
1.24968143432e-10	-1.40134247317e-07
1.29133720207e-10	-1.19692927569e-07
1.33299296982e-10	-8.44139336209e-08
1.37464873757e-10	-4.80750763643e-08
1.41630450533e-10	-1.94271940757e-08
1.45796027308e-10	-1.54261881047e-09
1.49961604083e-10	6.71745725711e-09
1.54127180859e-10	8.47425596362e-09
1.58292757634e-10	6.96647584064e-09
1.62458334409e-10	4.53929027699e-09
1.66623911184e-10	2.43485409612e-09
1.7078948796e-10	1.04811448409e-09
1.74955064735e-10	3.11814879472e-10
1.7912064151e-10	3.90369464184e-12
1.83286218286e-10	-8.15678080635e-11
1.87451795061e-10	-7.84900477946e-11
1.91617371836e-10	-2.46247397473e-11
1.95782948612e-10	-1.36803710721e-11
1.99948525387e-10	-1.26483008095e-11
2.04114102162e-10	-1.23428836596e-11
2.08279678937e-10	-1.33041780717e-11
2.12445255713e-10	-1.21597463001e-11
2.16610832488e-10	-1.102626844e-11
2.20776409263e-10	-1.0328737865e-11
2.24941986039e-10	-1.03008972879e-11
2.29107562814e-10	-9.71805275141e-12
2.33273139589e-10	-1.04670681844e-11
2.37438716364e-10	-9.36367216403e-12
2.4160429314e-10	-8.78839362395e-12
2.45769869915e-10	-8.83932423784e-12
2.4993544669e-10	-8.25365210205e-12
2.54101023466e-10	-7.99152584385e-12
2.58266600241e-10	-7.7732108944e-12
