% time-domain current integration by openEMS v0.37.0-rc2 @Wed Sep  9 23:49:49 2026
% start-coordinates: (-1.08669e-05,-2e-06,0.00028375) m -> [35,10,8]
% stop-coordinates: (-1.645e-06,1e-06,0.00028375) m -> [43,13,8]
% t/s	current
8.40172806634e-16	0
4.1664169481e-12	5.64410185255e-11
8.33199372339e-12	7.15165010545e-11
1.24975704987e-11	2.29746412866e-11
1.6663147274e-11	-1.95810131998e-10
2.08287240493e-11	-7.75986663815e-10
2.49943008246e-11	-1.95364613376e-09
2.91598775998e-11	-3.87453580331e-09
3.33254543751e-11	-6.33160990304e-09
3.74910311504e-11	-8.38856006879e-09
4.16566079257e-11	-8.0342319464e-09
4.5822184701e-11	-2.21550866542e-09
4.99877614763e-11	1.24275114644e-08
5.41533382516e-11	3.79222733216e-08
5.83189150269e-11	7.27396027855e-08
6.24844918022e-11	1.09911496793e-07
6.66500685775e-11	1.36894485081e-07
7.08156453528e-11	1.38277215456e-07
7.49812221281e-11	1.01283994525e-07
7.91467989033e-11	2.2353146889e-08
8.33123756786e-11	-8.82858444129e-08
8.74779524539e-11	-2.0696934655e-07
9.16435292292e-11	-3.0296780551e-07
9.58091060045e-11	-3.48959247276e-07
9.99746827798e-11	-3.31279295551e-07
1.04140259555e-10	-2.55261426219e-07
1.0830583633e-10	-1.43128858099e-07
1.12471413106e-10	-2.54516532294e-08
1.16636989881e-10	6.98406878996e-08
1.20802566656e-10	1.26074127138e-07
1.24968143432e-10	1.40920192848e-07
1.29133720207e-10	1.23749003933e-07
1.33299296982e-10	8.95468517115e-08
1.37464873757e-10	5.26288062019e-08
1.41630450533e-10	2.2581060577e-08
1.45796027308e-10	3.21239168599e-09
1.49961604083e-10	-6.17808426639e-09
1.54127180859e-10	-8.58635385015e-09
1.58292757634e-10	-7.3301769099e-09
1.62458334409e-10	-4.91163332228e-09
1.66623911184e-10	-2.71543965091e-09
1.7078948796e-10	-1.22577892281e-09
1.74955064735e-10	-4.13413969724e-10
1.7912064151e-10	-6.20110005012e-11
1.83286218286e-10	4.34979899322e-11
1.87451795061e-10	4.76897514534e-11
1.91617371836e-10	1.55344834218e-11
1.95782948612e-10	-1.73930904401e-11
1.99948525387e-10	-1.63131036457e-11
2.04114102162e-10	-1.56448604072e-11
2.08279678937e-10	-1.56602855683e-11
2.12445255713e-10	-1.51541522386e-11
2.16610832488e-10	-1.39286308182e-11
2.20776409263e-10	-1.36692705766e-11
2.24941986039e-10	-1.2745816555e-11
2.29107562814e-10	-1.26450221821e-11
2.33273139589e-10	-1.27379122875e-11
2.37438716364e-10	-1.19594490561e-11
2.4160429314e-10	-1.09217019109e-11
2.45769869915e-10	-1.06835391228e-11
2.4993544669e-10	-1.02501731061e-11
2.54101023466e-10	-9.55214206344e-12
2.58266600241e-10	-9.33705196493e-12
