% time-domain voltage integration by openEMS v0.37.0-rc2 @Thu Sep 10 05:23:29 2026
% start-coordinates: (5.24e-06,0,0.00028375) m -> [52,14,8]
% stop-coordinates: (5.24e-06,0,0.00029498) m -> [52,14,11]
% t/s	voltage
0	-0
4.16557677529e-12	-2.82345219427e-09
8.33115355058e-12	-3.55330664892e-09
1.24967303259e-11	-1.24307697469e-09
1.66623071012e-11	9.74826219746e-09
2.08278838765e-11	3.87472249841e-08
2.49934606517e-11	9.74927765185e-08
2.9159037427e-11	1.93406616944e-07
3.33246142023e-11	3.16297182223e-07
3.74901909776e-11	4.19312947031e-07
4.16557677529e-11	4.0210741048e-07
4.58213445282e-11	1.12209136205e-07
4.99869213035e-11	-6.18562893351e-07
5.41524980788e-11	-1.8920505056e-06
5.83180748541e-11	-3.63219623978e-06
6.24836516294e-11	-5.49137473627e-06
6.66492284047e-11	-6.8430548481e-06
7.081480518e-11	-6.91649188411e-06
7.49803819552e-11	-5.07216304868e-06
7.91459587305e-11	-1.1302853693e-06
8.33115355058e-11	4.3993854888e-06
8.74771122811e-11	1.03349620986e-05
9.16426890564e-11	1.51399976858e-05
9.58082658317e-11	1.74471133505e-05
9.9973842607e-11	1.65708092936e-05
1.04139419382e-10	1.27754412915e-05
1.08304996158e-10	7.17080524737e-06
1.12470572933e-10	1.28525618948e-06
1.16636149708e-10	-3.483628916e-06
1.20801726483e-10	-6.30038027793e-06
1.24967303259e-10	-7.04701915311e-06
1.29132880034e-10	-6.19109573563e-06
1.33298456809e-10	-4.48179662271e-06
1.37464033585e-10	-2.6353532121e-06
1.4162961036e-10	-1.13172814054e-06
1.45795187135e-10	-1.62035060924e-07
1.4996076391e-10	3.08432781537e-07
1.54126340686e-10	4.29385316636e-07
1.58291917461e-10	3.66774472127e-07
1.62457494236e-10	2.45860732662e-07
1.66623071012e-10	1.35966580217e-07
1.70788647787e-10	6.14002360066e-08
1.74954224562e-10	2.07206953817e-08
1.79119801338e-10	3.11292047694e-09
1.83285378113e-10	-2.17525097934e-09
1.87450954888e-10	-2.39113540079e-09
1.91616531663e-10	-8.25504831159e-10
1.95782108439e-10	8.90576445922e-10
1.99947685214e-10	8.54902676428e-10
2.04113261989e-10	7.96105834033e-10
2.08278838765e-10	7.84644058061e-10
2.1244441554e-10	7.60095833496e-10
2.16609992315e-10	7.33900801242e-10
2.2077556909e-10	6.69665378705e-10
2.24941145866e-10	6.26728724473e-10
2.29106722641e-10	6.17517120771e-10
2.33272299416e-10	5.99777658095e-10
2.37437876192e-10	5.6119482672e-10
2.41603452967e-10	5.56718893208e-10
2.45769029742e-10	5.32338534365e-10
2.49934606517e-10	4.67221469846e-10
2.54100183293e-10	5.04777858401e-10
2.58265760068e-10	4.76786929382e-10
2.62431336843e-10	4.34449032305e-10
