% time-domain current integration by openEMS v0.37.0-rc2 @Thu Sep 10 05:23:29 2026
% start-coordinates: (6.45e-07,-2e-06,0.00028375) m -> [48,12,8]
% stop-coordinates: (9.865e-06,1e-06,0.00028375) m -> [56,15,8]
% t/s	current
8.40172806634e-16	0
4.1664169481e-12	5.66002349156e-11
8.33199372339e-12	7.11756972804e-11
1.24975704987e-11	2.47708902001e-11
1.6663147274e-11	-1.95958999027e-10
2.08287240493e-11	-7.77195918733e-10
2.49943008246e-11	-1.95382576784e-09
2.91598775998e-11	-3.87371468236e-09
3.33254543751e-11	-6.33145846862e-09
3.74910311504e-11	-8.38780866985e-09
4.16566079257e-11	-8.03328781274e-09
4.5822184701e-11	-2.21688045698e-09
4.99877614763e-11	1.24229018184e-08
5.41533382516e-11	3.79167133246e-08
5.83189150269e-11	7.2731047851e-08
6.24844918022e-11	1.09900128109e-07
6.66500685775e-11	1.36883926416e-07
7.08156453528e-11	1.38269868444e-07
7.49812221281e-11	1.01284896914e-07
7.91467989033e-11	2.23638529917e-08
8.33123756786e-11	-8.82649047185e-08
8.74779524539e-11	-2.06942132763e-07
9.16435292292e-11	-3.02939696439e-07
9.58091060045e-11	-3.48937106764e-07
9.99746827798e-11	-3.3126713106e-07
1.04140259555e-10	-2.55260005133e-07
1.0830583633e-10	-1.43136986708e-07
1.12471413106e-10	-2.54654199949e-08
1.16636989881e-10	6.98262141441e-08
1.20802566656e-10	1.26061905803e-07
1.24968143432e-10	1.40912447932e-07
1.29133720207e-10	1.23745707015e-07
1.33299296982e-10	8.95468872386e-08
1.37464873757e-10	5.26308419069e-08
1.41630450533e-10	2.25830678602e-08
1.45796027308e-10	3.21407900294e-09
1.49961604083e-10	-6.17694251304e-09
1.54127180859e-10	-8.58574011886e-09
1.58292757634e-10	-7.32981630946e-09
1.62458334409e-10	-4.91163110183e-09
1.66623911184e-10	-2.71540434582e-09
1.7078948796e-10	-1.22580934292e-09
1.74955064735e-10	-4.13450024217e-10
1.7912064151e-10	-6.19315571049e-11
1.83286218286e-10	4.34611964473e-11
1.87451795061e-10	4.77722410241e-11
1.91617371836e-10	1.55637551458e-11
1.95782948612e-10	-1.77977476506e-11
1.99948525387e-10	-1.7134486538e-11
2.04114102162e-10	-1.58847050097e-11
2.08279678937e-10	-1.5750071386e-11
2.12445255713e-10	-1.52628135824e-11
2.16610832488e-10	-1.45952833153e-11
2.20776409263e-10	-1.33818841425e-11
2.24941986039e-10	-1.25325253647e-11
2.29107562814e-10	-1.23966696283e-11
2.33273139589e-10	-1.20452293972e-11
2.37438716364e-10	-1.109450639e-11
2.4160429314e-10	-1.12161009647e-11
2.45769869915e-10	-1.0697307623e-11
2.4993544669e-10	-9.41292876977e-12
2.54101023466e-10	-1.01722519297e-11
2.58266600241e-10	-9.53172610285e-12
2.62432177016e-10	-8.62724475192e-12
