% time-domain current integration by openEMS v0.37.0-rc2 @Thu Sep 10 05:23:29 2026
% start-coordinates: (-1.08669e-05,-2e-06,0.00028375) m -> [38,12,8]
% stop-coordinates: (-1.645e-06,1e-06,0.00028375) m -> [46,15,8]
% t/s	current
8.40172806634e-16	0
4.1664169481e-12	-6.31014893115e-11
8.33199372339e-12	-6.92843560302e-11
1.24975704987e-11	-2.9191182891e-12
1.6663147274e-11	2.6114749252e-10
2.08287240493e-11	9.25074405966e-10
2.49943008246e-11	2.21566898162e-09
2.91598775998e-11	4.24600843374e-09
3.33254543751e-11	6.71701050337e-09
3.74910311504e-11	8.53473203222e-09
4.16566079257e-11	7.5150499157e-09
4.5822184701e-11	4.92283880327e-10
4.99877614763e-11	-1.57976245418e-08
5.41533382516e-11	-4.2959538149e-08
5.83189150269e-11	-7.87004950098e-08
6.24844918022e-11	-1.15141283175e-07
6.66500685775e-11	-1.39074259664e-07
7.08156453528e-11	-1.35135252322e-07
7.49812221281e-11	-9.16065161505e-08
7.91467989033e-11	-6.86164591812e-09
8.33123756786e-11	1.06672146671e-07
8.74779524539e-11	2.23789783149e-07
9.16435292292e-11	3.13659938911e-07
9.58091060045e-11	3.50521332848e-07
9.99746827798e-11	3.23414667491e-07
1.04140259555e-10	2.40468693846e-07
1.0830583633e-10	1.25699997966e-07
1.12471413106e-10	9.85958337196e-09
1.16636989881e-10	-8.04229074447e-08
1.20802566656e-10	-1.30546283117e-07
1.24968143432e-10	-1.40124598147e-07
1.29133720207e-10	-1.19687740607e-07
1.33299296982e-10	-8.44126688548e-08
1.37464873757e-10	-4.80756199295e-08
1.41630450533e-10	-1.9429286624e-08
1.45796027308e-10	-1.54449697476e-09
1.49961604083e-10	6.71610012049e-09
1.54127180859e-10	8.47357917166e-09
1.58292757634e-10	6.96634394615e-09
1.62458334409e-10	4.5391788106e-09
1.66623911184e-10	2.43504882924e-09
1.7078948796e-10	1.0483653945e-09
1.74955064735e-10	3.11832865085e-10
1.7912064151e-10	3.89421481173e-12
1.83286218286e-10	-8.15716175162e-11
1.87451795061e-10	-7.85466483522e-11
1.91617371836e-10	-2.45275674771e-11
1.95782948612e-10	-1.4416620675e-11
1.99948525387e-10	-1.37585793453e-11
2.04114102162e-10	-1.28013207673e-11
2.08279678937e-10	-1.22460670077e-11
2.12445255713e-10	-1.2305764914e-11
2.16610832488e-10	-1.11836494926e-11
2.20776409263e-10	-1.07360700191e-11
2.24941986039e-10	-9.72785133696e-12
2.29107562814e-10	-9.851360179e-12
2.33273139589e-10	-9.45011690429e-12
2.37438716364e-10	-9.16301323012e-12
2.4160429314e-10	-8.8742286089e-12
2.45769869915e-10	-8.76171184216e-12
2.4993544669e-10	-7.48120402433e-12
2.54101023466e-10	-8.36756879063e-12
2.58266600241e-10	-7.75872074921e-12
2.62432177016e-10	-7.29829825047e-12
