% time-domain voltage integration by openEMS v0.37.0-rc2 @Thu Sep 10 05:23:29 2026
% start-coordinates: (-5.24e-06,0,0.00028375) m -> [43,14,8]
% stop-coordinates: (-5.24e-06,0,0.00029498) m -> [43,14,11]
% t/s	voltage
0	-0
4.16557677529e-12	-3.30860910891e-09
8.33115355058e-12	-3.47243606091e-09
1.24967303259e-11	1.42831441119e-09
1.66623071012e-11	1.87061357515e-08
2.08278838765e-11	5.93879816435e-08
2.49934606517e-11	1.3534414478e-07
2.9159037427e-11	2.49169211486e-07
3.33246142023e-11	3.77740448698e-07
3.74901909776e-11	4.51615115082e-07
4.16557677529e-11	3.42547956222e-07
4.58213445282e-11	-1.22164546923e-07
4.99869213035e-11	-1.10233690975e-06
5.41524980788e-11	-2.64257494109e-06
5.83180748541e-11	-4.5550956429e-06
6.24836516294e-11	-6.35019762285e-06
6.66492284047e-11	-7.28597274247e-06
7.081480518e-11	-6.57669352222e-06
7.49803819552e-11	-3.72120172187e-06
7.91459587305e-11	1.17538496625e-06
8.33115355058e-11	7.25688414605e-06
8.74771122811e-11	1.3072338561e-05
9.16426890564e-11	1.70251423697e-05
9.58082658317e-11	1.79500934792e-05
9.9973842607e-11	1.55646166604e-05
1.04139419382e-10	1.05817862277e-05
1.08304996158e-10	4.43018984697e-06
1.12470572933e-10	-1.28544084532e-06
1.16636149708e-10	-5.33506897682e-06
1.20801726483e-10	-7.19570471119e-06
1.24967303259e-10	-7.06678429196e-06
1.29132880034e-10	-5.62520608582e-06
1.33298456809e-10	-3.6784510371e-06
1.37464033585e-10	-1.87643635741e-06
1.4162961036e-10	-5.73197866061e-07
1.45795187135e-10	1.61413424848e-07
1.4996076391e-10	4.40695970383e-07
1.54126340686e-10	4.43209934531e-07
1.58291917461e-10	3.27931033439e-07
1.62457494236e-10	1.97353415388e-07
1.66623071012e-10	9.78283569708e-08
1.70788647787e-10	3.80928542043e-08
1.74954224562e-10	9.2741558877e-09
1.79119801338e-10	-1.19438220425e-09
1.83285378113e-10	-3.12084191822e-09
1.87450954888e-10	-2.18848689171e-09
1.91616531663e-10	1.21702509182e-09
1.95782108439e-10	7.24721574419e-10
1.99947685214e-10	6.98688162881e-10
2.04113261989e-10	6.33694152707e-10
2.08278838765e-10	6.117614193e-10
2.1244441554e-10	6.15716963526e-10
2.16609992315e-10	5.55203202857e-10
2.2077556909e-10	5.31964333694e-10
2.24941145866e-10	4.83729389877e-10
2.29106722641e-10	4.88831586321e-10
2.33272299416e-10	4.71336761287e-10
2.37437876192e-10	4.54782975168e-10
2.41603452967e-10	4.41773360949e-10
2.45769029742e-10	4.31928971756e-10
2.49934606517e-10	3.76397080171e-10
2.54100183293e-10	4.13671812083e-10
2.58265760068e-10	3.89795667965e-10
2.62431336843e-10	3.68969084452e-10
