% time-domain current integration by openEMS v0.37.0-rc2 @Wed Sep  9 23:48:10 2026
% start-coordinates: (6.45e-07,-2e-06,0.00028375) m -> [45,10,8]
% stop-coordinates: (9.865e-06,1e-06,0.00028375) m -> [53,13,8]
% t/s	current
8.40172806634e-16	0
4.1664169481e-12	5.63773194795e-11
8.33199372339e-12	7.15262640782e-11
1.24975704987e-11	2.29630949672e-11
1.6663147274e-11	-1.95786900581e-10
2.08287240493e-11	-7.75935538044e-10
2.49943008246e-11	-1.95354665777e-09
2.91598775998e-11	-3.87433507498e-09
3.33254543751e-11	-6.33124042082e-09
3.74910311504e-11	-8.38808755788e-09
4.16566079257e-11	-8.03377542269e-09
4.5822184701e-11	-2.21539120382e-09
4.99877614763e-11	1.24268293433e-08
5.41533382516e-11	3.79201274825e-08
5.83189150269e-11	7.2735453216e-08
6.24844918022e-11	1.099052227e-07
6.66500685775e-11	1.36886683322e-07
7.08156453528e-11	1.3826930001e-07
7.49812221281e-11	1.01278160969e-07
7.91467989033e-11	2.23518679121e-08
8.33123756786e-11	-8.82808137703e-08
8.74779524539e-11	-2.06957579962e-07
9.16435292292e-11	-3.02950553532e-07
9.58091060045e-11	-3.48939380501e-07
9.99746827798e-11	-3.31260451958e-07
1.04140259555e-10	-2.55246874303e-07
1.0830583633e-10	-1.43120715279e-07
1.12471413106e-10	-2.54501699715e-08
1.16636989881e-10	6.98367301766e-08
1.20802566656e-10	1.26066950656e-07
1.24968143432e-10	1.40912135294e-07
1.29133720207e-10	1.23741898506e-07
1.33299296982e-10	8.95417429092e-08
1.37464873757e-10	5.2625814817e-08
1.41630450533e-10	2.25797620601e-08
1.45796027308e-10	3.21223958544e-09
1.49961604083e-10	-6.17773254774e-09
1.54127180859e-10	-8.58587068109e-09
1.58292757634e-10	-7.3297368175e-09
1.62458334409e-10	-4.91134644065e-09
1.66623911184e-10	-2.71528866058e-09
1.7078948796e-10	-1.22571686134e-09
1.74955064735e-10	-4.13388018261e-10
1.7912064151e-10	-6.19945067504e-11
1.83286218286e-10	4.34805177973e-11
1.87451795061e-10	4.76754989653e-11
1.91617371836e-10	1.5494395697e-11
1.95782948612e-10	-1.73544616178e-11
1.99948525387e-10	-1.63469637132e-11
2.04114102162e-10	-1.56328873457e-11
2.08279678937e-10	-1.56167700299e-11
2.12445255713e-10	-1.51495760381e-11
2.16610832488e-10	-1.38747676542e-11
2.20776409263e-10	-1.36346472307e-11
2.24941986039e-10	-1.27271734818e-11
2.29107562814e-10	-1.26390616723e-11
2.33273139589e-10	-1.27481671053e-11
2.37438716364e-10	-1.19420549838e-11
2.4160429314e-10	-1.09251869704e-11
2.45769869915e-10	-1.0724320737e-11
2.4993544669e-10	-1.0221699355e-11
2.54101023466e-10	-9.52587314584e-12
2.58266600241e-10	-9.33512295243e-12
2.62432177016e-10	-8.45452267223e-12
