% time-domain voltage integration by openEMS v0.37.0-rc2 @Wed Sep  9 23:48:10 2026
% start-coordinates: (-5.24e-06,0,0.00028375) m -> [40,12,8]
% stop-coordinates: (-5.24e-06,0,0.00029498) m -> [40,12,11]
% t/s	voltage
0	-0
4.16557677529e-12	-3.31936489406e-09
8.33115355058e-12	-3.5029224521e-09
1.24967303259e-11	1.47122447558e-09
1.66623071012e-11	1.86769111288e-08
2.08278838765e-11	5.93401114912e-08
2.49934606517e-11	1.35333202422e-07
2.9159037427e-11	2.49166916433e-07
3.33246142023e-11	3.77695528186e-07
3.74901909776e-11	4.51570279836e-07
4.16557677529e-11	3.42575269485e-07
4.58213445282e-11	-1.22135407565e-07
4.99869213035e-11	-1.10232150519e-06
5.41524980788e-11	-2.64239213266e-06
5.83180748541e-11	-4.55486440387e-06
6.24836516294e-11	-6.34999344129e-06
6.66492284047e-11	-7.28582938336e-06
7.081480518e-11	-6.57674240756e-06
7.49803819552e-11	-3.72147565031e-06
7.91459587305e-11	1.17486226259e-06
8.33115355058e-11	7.25621623587e-06
8.74771122811e-11	1.30716343847e-05
9.16426890564e-11	1.70246134985e-05
9.58082658317e-11	1.79498506441e-05
9.9973842607e-11	1.55647426254e-05
1.04139419382e-10	1.05822459773e-05
1.08304996158e-10	4.43084763901e-06
1.12470572933e-10	-1.28479754835e-06
1.16636149708e-10	-5.33453646767e-06
1.20801726483e-10	-7.19542151728e-06
1.24967303259e-10	-7.0667252885e-06
1.29132880034e-10	-5.6253064713e-06
1.33298456809e-10	-3.67863430029e-06
1.37464033585e-10	-1.87660293705e-06
1.4162961036e-10	-5.73356714995e-07
1.45795187135e-10	1.61319782421e-07
1.4996076391e-10	4.40654616796e-07
1.54126340686e-10	4.43202083034e-07
1.58291917461e-10	3.27948505685e-07
1.62457494236e-10	1.97360165544e-07
1.66623071012e-10	9.78485523717e-08
1.70788647787e-10	3.81075722089e-08
1.74954224562e-10	9.27589893784e-09
1.79119801338e-10	-1.19449317104e-09
1.83285378113e-10	-3.12177805828e-09
1.87450954888e-10	-2.19415868807e-09
1.91616531663e-10	1.23769894333e-09
1.95782108439e-10	6.85609347073e-10
1.99947685214e-10	6.28551169446e-10
2.04113261989e-10	6.12502534802e-10
2.08278838765e-10	6.62095378523e-10
2.1244441554e-10	6.06571834427e-10
2.16609992315e-10	5.49838966024e-10
2.2077556909e-10	5.09270237092e-10
2.24941145866e-10	5.20014184491e-10
2.29106722641e-10	4.75782399589e-10
2.33272299416e-10	5.26566179548e-10
2.37437876192e-10	4.67740554622e-10
2.41603452967e-10	4.36817707006e-10
2.45769029742e-10	4.43066625055e-10
2.49934606517e-10	4.13834987112e-10
2.54100183293e-10	3.94632188039e-10
2.58265760068e-10	3.86436146971e-10
2.62431336843e-10	3.34934850688e-10
