% time-domain voltage integration by openEMS v0.37.0-rc2 @Wed Sep  9 23:48:10 2026
% start-coordinates: (5.24e-06,0,0.00028375) m -> [49,12,8]
% stop-coordinates: (5.24e-06,0,0.00029498) m -> [49,12,11]
% t/s	voltage
0	-0
4.16557677529e-12	-2.8209548586e-09
8.33115355058e-12	-3.58762830555e-09
1.24967303259e-11	-1.17249257525e-09
1.66623071012e-11	9.73746061561e-09
2.08278838765e-11	3.86845915301e-08
2.49934606517e-11	9.74774803097e-08
2.9159037427e-11	1.93440023111e-07
3.33246142023e-11	3.16291917102e-07
3.74901909776e-11	4.19322987e-07
4.16557677529e-11	4.02130652333e-07
4.58213445282e-11	1.12132525487e-07
4.99869213035e-11	-6.18751116122e-07
5.41524980788e-11	-1.89221955793e-06
5.83180748541e-11	-3.6324141206e-06
6.24836516294e-11	-5.49162768948e-06
6.66492284047e-11	-6.8431904765e-06
7.081480518e-11	-6.91645709594e-06
7.49803819552e-11	-5.07183597165e-06
7.91459587305e-11	-1.12970070631e-06
8.33115355058e-11	4.40016594894e-06
8.74771122811e-11	1.03357210719e-05
9.16426890564e-11	1.51405358793e-05
9.58082658317e-11	1.74472343133e-05
9.9973842607e-11	1.65704859683e-05
1.04139419382e-10	1.27747998704e-05
1.08304996158e-10	7.17000614259e-06
1.12470572933e-10	1.28450810166e-06
1.16636149708e-10	-3.48415119333e-06
1.20801726483e-10	-6.30062777418e-06
1.24967303259e-10	-7.04700767074e-06
1.29132880034e-10	-6.19091110821e-06
1.33298456809e-10	-4.48154685273e-06
1.37464033585e-10	-2.6351048632e-06
1.4162961036e-10	-1.13156517045e-06
1.45795187135e-10	-1.61943816579e-07
1.4996076391e-10	3.08471996391e-07
1.54126340686e-10	4.29391299406e-07
1.58291917461e-10	3.66770315452e-07
1.62457494236e-10	2.45841960123e-07
1.66623071012e-10	1.35960320335e-07
1.70788647787e-10	6.13968982321e-08
1.74954224562e-10	2.07185397727e-08
1.79119801338e-10	3.11489639637e-09
1.83285378113e-10	-2.17589013474e-09
1.87450954888e-10	-2.38779324091e-09
1.91616531663e-10	-8.00752270047e-10
1.95782108439e-10	8.59610202464e-10
1.99947685214e-10	8.16233469703e-10
2.04113261989e-10	7.77451367173e-10
2.08278838765e-10	7.7563105938e-10
2.1244441554e-10	7.61440827057e-10
2.16609992315e-10	6.96777788245e-10
2.2077556909e-10	6.75270700468e-10
2.24941145866e-10	6.35577965258e-10
2.29106722641e-10	6.28969584748e-10
2.33272299416e-10	6.38796557317e-10
2.37437876192e-10	6.0250024414e-10
2.41603452967e-10	5.5100181362e-10
2.45769029742e-10	5.37241376386e-10
2.49934606517e-10	5.15461340278e-10
2.54100183293e-10	4.77861916703e-10
2.58265760068e-10	4.70370686845e-10
2.62431336843e-10	4.25215480881e-10
