% time-domain current integration by openEMS v0.37.0-rc2 @Wed Sep  9 23:48:10 2026
% start-coordinates: (-1.08669e-05,-2e-06,0.00028375) m -> [35,10,8]
% stop-coordinates: (-1.645e-06,1e-06,0.00028375) m -> [43,13,8]
% t/s	current
8.40172806634e-16	0
4.1664169481e-12	-6.29644184014e-11
8.33199372339e-12	-6.85818415946e-11
1.24975704987e-11	-3.96678176418e-12
1.6663147274e-11	2.61548005476e-10
2.08287240493e-11	9.26033083548e-10
2.49943008246e-11	2.2159889479e-09
2.91598775998e-11	4.24584323255e-09
3.33254543751e-11	6.71780453487e-09
3.74910311504e-11	8.5355393864e-09
4.16566079257e-11	7.51449924508e-09
4.5822184701e-11	4.91919172063e-10
4.99877614763e-11	-1.57977915194e-08
5.41533382516e-11	-4.2963062441e-08
5.83189150269e-11	-7.87049501128e-08
6.24844918022e-11	-1.15145347479e-07
6.66500685775e-11	-1.39077101835e-07
7.08156453528e-11	-1.35134300194e-07
7.49812221281e-11	-9.16013007668e-08
7.91467989033e-11	-6.85144607715e-09
8.33123756786e-11	1.06685206447e-07
8.74779524539e-11	2.23803610311e-07
9.16435292292e-11	3.13670483365e-07
9.58091060045e-11	3.5052619296e-07
9.99746827798e-11	3.23412336911e-07
1.04140259555e-10	2.40459684164e-07
1.0830583633e-10	1.25687208197e-07
1.12471413106e-10	9.84702719364e-09
1.16636989881e-10	-8.04333737392e-08
1.20802566656e-10	-1.30551896405e-07
1.24968143432e-10	-1.4012580607e-07
1.29133720207e-10	-1.19685836353e-07
1.33299296982e-10	-8.44090450869e-08
1.37464873757e-10	-4.807238696e-08
1.41630450533e-10	-1.94261868813e-08
1.45796027308e-10	-1.54268942065e-09
1.49961604083e-10	6.7169474427e-09
1.54127180859e-10	8.47372216839e-09
1.58292757634e-10	6.9660535118e-09
1.62458334409e-10	4.53903137299e-09
1.66623911184e-10	2.43471776074e-09
1.7078948796e-10	1.0480627477e-09
1.74955064735e-10	3.11796310992e-10
1.7912064151e-10	3.92526896403e-12
1.83286218286e-10	-8.15598283355e-11
1.87451795061e-10	-7.84692935629e-11
1.91617371836e-10	-2.46867821324e-11
1.95782948612e-10	-1.36735744255e-11
1.99948525387e-10	-1.2593556406e-11
2.04114102162e-10	-1.23503880733e-11
2.08279678937e-10	-1.3264275095e-11
2.12445255713e-10	-1.21329578329e-11
2.16610832488e-10	-1.1008182213e-11
2.20776409263e-10	-1.0202901024e-11
2.24941986039e-10	-1.03887332764e-11
2.29107562814e-10	-9.69783021249e-12
2.33273139589e-10	-1.05021928654e-11
2.37438716364e-10	-9.29051453824e-12
2.4160429314e-10	-8.81363471789e-12
2.45769869915e-10	-8.86834702896e-12
2.4993544669e-10	-8.26234133194e-12
2.54101023466e-10	-7.95727980035e-12
2.58266600241e-10	-7.76909699768e-12
2.62432177016e-10	-6.60128028629e-12
