% time-domain current integration by openEMS v0.37.0-rc2 @Thu Sep 10 00:06:47 2026
% start-coordinates: (2.0205e-05,-2e-06,0.00028375) m -> [132,10,8]
% stop-coordinates: (2.9425e-05,1e-06,0.00028375) m -> [140,13,8]
% t/s	current
8.52522464413e-16	0
4.16627728359e-12	2.50249421879e-11
8.33170204471e-12	2.94262496314e-11
1.24971268058e-11	1.45694029757e-11
1.6662551567e-11	-9.14885667225e-11
2.08279763281e-11	-3.38488209684e-10
2.49934010892e-11	-8.1579698552e-10
2.91588258503e-11	-1.57096091691e-09
3.33242506115e-11	-2.47598519465e-09
3.74896753726e-11	-3.09365910667e-09
4.16551001337e-11	-2.56346144312e-09
4.58205248948e-11	3.36884464769e-10
4.99859496559e-11	6.78762379636e-09
5.41513744171e-11	1.71649059411e-08
5.83167991782e-11	3.01258715751e-08
6.24822239393e-11	4.20107468813e-08
6.66476487004e-11	4.72201975299e-08
7.08130734616e-11	3.99494659575e-08
7.49784982227e-11	1.70013887413e-08
7.91439229838e-11	-1.9460877354e-08
8.33093477449e-11	-6.08576655736e-08
8.74747725061e-11	-9.40834254948e-08
9.16401972672e-11	-1.06274626432e-07
9.58056220283e-11	-9.06155364078e-08
9.99710467894e-11	-5.03605335211e-08
1.04136471551e-10	1.36224798108e-09
1.08301896312e-10	4.63726053113e-08
1.12467321073e-10	6.88424250939e-08
1.16632745834e-10	6.17696116478e-08
1.20798170595e-10	2.94107067589e-08
1.24963595356e-10	-1.5286884647e-08
1.29129020117e-10	-5.66675275593e-08
1.33294444878e-10	-8.26577348789e-08
1.3745986964e-10	-8.85456756805e-08
1.41625294401e-10	-7.70704389197e-08
1.45790719162e-10	-5.5606200533e-08
1.49956143923e-10	-3.23387396861e-08
1.54121568684e-10	-1.32864776958e-08
1.58286993445e-10	-1.09395603687e-09
1.62452418206e-10	4.53372406284e-09
1.66617842967e-10	5.53398171732e-09
1.70783267729e-10	4.16588274987e-09
1.7494869249e-10	2.16952700249e-09
1.79114117251e-10	5.02798969126e-10
1.83279542012e-10	-5.31664712256e-10
1.87444966773e-10	-1.00677854942e-09
1.91610391534e-10	-1.12899689597e-09
1.95775816295e-10	-1.07770825597e-09
1.99941241056e-10	-9.61599688765e-10
2.04106665818e-10	-8.51471226859e-10
2.08272090579e-10	-7.53031081935e-10
2.1243751534e-10	-6.85218493057e-10
2.16602940101e-10	-6.30906549226e-10
2.20768364862e-10	-5.7882837412e-10
2.24933789623e-10	-5.32790089824e-10
2.29099214384e-10	-4.90029572475e-10
2.33264639145e-10	-4.49382725476e-10
2.37430063907e-10	-4.13296008528e-10
2.41595488668e-10	-3.81924658566e-10
2.45760913429e-10	-3.51002948928e-10
2.4992633819e-10	-3.23786109035e-10
2.54091762951e-10	-2.99505781287e-10
2.58257187712e-10	-2.76158124146e-10
2.62422612473e-10	-2.55803545013e-10
2.66588037234e-10	-2.37181635443e-10
2.70753461996e-10	-2.1900885272e-10
2.74918886757e-10	-2.03342134797e-10
2.79084311518e-10	-1.89473617351e-10
2.83249736279e-10	-1.75969377958e-10
2.8741516104e-10	-1.63935975905e-10
2.91580585801e-10	-1.53110718548e-10
2.95746010562e-10	-1.42801270808e-10
2.99911435323e-10	-1.33580563277e-10
3.04076860084e-10	-1.25172747167e-10
3.08242284846e-10	-1.16886264556e-10
3.12407709607e-10	-1.09877253129e-10
3.16573134368e-10	-1.03537574347e-10
3.20738559129e-10	-9.69155658503e-11
3.2490398389e-10	-9.12983161294e-11
3.29069408651e-10	-8.61853713396e-11
3.33234833412e-10	-8.14303763308e-11
3.37400258173e-10	-7.71304894953e-11
3.41565682935e-10	-7.29381277598e-11
