% time-domain voltage integration by openEMS v0.37.0-rc2 @Thu Sep 10 00:06:47 2026
% start-coordinates: (-2.5845e-05,0,0.00028375) m -> [93,12,8]
% stop-coordinates: (-2.5845e-05,0,0.00029018) m -> [93,12,11]
% t/s	voltage
0	-0
4.16542476112e-12	-4.19314316602e-09
8.33084952225e-12	-4.99682306643e-09
1.24962742834e-11	7.17586788601e-11
1.66616990445e-11	1.84441018014e-08
2.08271238056e-11	6.5587402176e-08
2.49925485667e-11	1.58521075377e-07
2.91579733279e-11	3.06028205443e-07
3.3323398089e-11	4.88017832367e-07
3.74888228501e-11	6.28296803029e-07
4.16542476112e-11	5.71745388811e-07
4.58196723724e-11	8.96677434525e-08
4.99850971335e-11	-1.06100713992e-06
5.41505218946e-11	-3.01546890569e-06
5.83159466557e-11	-5.64126230529e-06
6.24813714169e-11	-8.40903999233e-06
6.6646796178e-11	-1.03918473542e-05
7.08122209391e-11	-1.04639875644e-05
7.49776457002e-11	-7.69149937696e-06
7.91430704613e-11	-1.79078767815e-06
8.33084952225e-11	6.55018538964e-06
8.74739199836e-11	1.56824212354e-05
9.16393447447e-11	2.34080403061e-05
9.58047695058e-11	2.76742034657e-05
9.9970194267e-11	2.72776746897e-05
1.04135619028e-10	2.22830071834e-05
1.08301043789e-10	1.39801784371e-05
1.1246646855e-10	4.4155484602e-06
1.16631893311e-10	-4.2905430746e-06
1.20797318073e-10	-1.05598699065e-05
1.24962742834e-10	-1.36960425152e-05
1.29128167595e-10	-1.38829814205e-05
1.33293592356e-10	-1.19206704312e-05
1.37459017117e-10	-8.85134954842e-06
1.41624441878e-10	-5.62569221074e-06
1.45789866639e-10	-2.89867972469e-06
1.499552914e-10	-9.74398744802e-07
1.54120716162e-10	1.36244331372e-07
1.58286140923e-10	6.01976978487e-07
1.62451565684e-10	6.55474721611e-07
1.66616990445e-10	5.08684763645e-07
1.70782415206e-10	3.10883997656e-07
1.74947839967e-10	1.42490662824e-07
1.79113264728e-10	3.05113072585e-08
1.83278689489e-10	-2.91690982479e-08
1.87444114251e-10	-5.27003898299e-08
1.91609539012e-10	-5.44406884018e-08
1.95774963773e-10	-5.05897181924e-08
1.99940388534e-10	-4.46965522372e-08
2.04105813295e-10	-3.94562276185e-08
2.08271238056e-10	-3.45196955465e-08
2.12436662817e-10	-3.09583798597e-08
2.16602087578e-10	-2.82524359463e-08
2.2076751234e-10	-2.58930787922e-08
2.24932937101e-10	-2.35394743697e-08
2.29098361862e-10	-2.14357616102e-08
2.33263786623e-10	-1.95031870653e-08
2.37429211384e-10	-1.77769066134e-08
2.41594636145e-10	-1.60670774463e-08
2.45760060906e-10	-1.46988525795e-08
2.49925485667e-10	-1.33835322824e-08
2.54090910429e-10	-1.21446293022e-08
2.5825633519e-10	-1.10896987149e-08
2.62421759951e-10	-1.00547896675e-08
2.66587184712e-10	-9.14905817773e-09
2.70752609473e-10	-8.3178461896e-09
2.74918034234e-10	-7.5955630674e-09
2.79083458995e-10	-6.90689772043e-09
2.83248883756e-10	-6.29713414746e-09
2.87414308518e-10	-5.71926128679e-09
2.91579733279e-10	-5.17630172059e-09
2.9574515804e-10	-4.68383498653e-09
2.99910582801e-10	-4.26618307348e-09
3.04076007562e-10	-3.88952092756e-09
3.08241432323e-10	-3.51326523429e-09
3.12406857084e-10	-3.17205484102e-09
3.16572281845e-10	-2.87400242494e-09
3.20737706607e-10	-2.61383859002e-09
3.24903131368e-10	-2.33520092152e-09
3.29068556129e-10	-2.09947986773e-09
3.3323398089e-10	-1.89247195692e-09
3.37399405651e-10	-1.69335673261e-09
3.41564830412e-10	-1.51940809934e-09
