% time-domain current integration by openEMS v0.37.0-rc2 @Thu Sep 10 00:06:47 2026
% start-coordinates: (-3.04013e-05,-2e-06,0.00028375) m -> [89,10,8]
% stop-coordinates: (-2.1205e-05,1e-06,0.00028375) m -> [97,13,8]
% t/s	current
8.52522464413e-16	0
4.16627728359e-12	-3.47577938653e-11
8.33170204471e-12	-2.7570284597e-11
1.24971268058e-11	2.16422782473e-11
1.6662551567e-11	2.13711590091e-10
2.08279763281e-11	6.27372209738e-10
2.49934010892e-11	1.34873145985e-09
2.91588258503e-11	2.35469910237e-09
3.33242506115e-11	3.34863758944e-09
3.74896753726e-11	3.5762348638e-09
4.16551001337e-11	1.77925607581e-09
4.58205248948e-11	-3.54942431002e-09
4.99859496559e-11	-1.34872948365e-08
5.41513744171e-11	-2.76339466865e-08
5.83167991782e-11	-4.30965414466e-08
6.24822239393e-11	-5.42415712346e-08
6.66476487004e-11	-5.3850151005e-08
7.08130734616e-11	-3.58765177566e-08
7.49784982227e-11	1.00245300949e-09
7.91439229838e-11	5.0722753997e-08
8.33093477449e-11	9.99410119107e-08
8.74747725061e-11	1.31848310048e-07
9.16401972672e-11	1.32732793645e-07
9.58056220283e-11	9.85282824217e-08
9.99710467894e-11	3.79689311103e-08
1.04136471551e-10	-2.97352134027e-08
1.08301896312e-10	-8.21119314764e-08
1.12467321073e-10	-1.02352274212e-07
1.16632745834e-10	-8.57600142012e-08
1.20798170595e-10	-4.08186124901e-08
1.24963595356e-10	1.52896948435e-08
1.29129020117e-10	6.41679704927e-08
1.33294444878e-10	9.30464878479e-08
1.3745986964e-10	9.81610099871e-08
1.41625294401e-10	8.39560314603e-08
1.45790719162e-10	5.94028222167e-08
1.49956143923e-10	3.3691762269e-08
1.54121568684e-10	1.31796911162e-08
1.58286993445e-10	3.86363246951e-10
1.62452418206e-10	-5.30185495506e-09
1.66617842967e-10	-6.12573325398e-09
1.70783267729e-10	-4.54356818835e-09
1.7494869249e-10	-2.38550534881e-09
1.79114117251e-10	-6.24525153814e-10
1.83279542012e-10	4.52912596316e-10
1.87444966773e-10	9.42142253102e-10
1.91610391534e-10	1.08949016475e-09
1.95775816295e-10	1.01148800447e-09
1.99941241056e-10	8.93665030866e-10
2.04106665818e-10	7.88963394616e-10
2.08272090579e-10	6.90450918661e-10
2.1243751534e-10	6.19068851737e-10
2.16602940101e-10	5.64968627437e-10
2.20768364862e-10	5.17662579469e-10
2.24933789623e-10	4.70805505692e-10
2.29099214384e-10	4.28685753562e-10
2.33264639145e-10	3.89997673045e-10
2.37430063907e-10	3.55493162685e-10
2.41595488668e-10	3.21300513972e-10
2.45760913429e-10	2.93943036578e-10
2.4992633819e-10	2.67698613277e-10
2.54091762951e-10	2.42844022669e-10
2.58257187712e-10	2.21757764929e-10
2.62422612473e-10	2.01091907015e-10
2.66588037234e-10	1.83028314726e-10
2.70753461996e-10	1.66315336503e-10
2.74918886757e-10	1.51890333644e-10
2.79084311518e-10	1.3801176868e-10
2.83249736279e-10	1.25952984154e-10
2.8741516104e-10	1.14405748763e-10
2.91580585801e-10	1.03547871666e-10
2.95746010562e-10	9.3681590263e-11
2.99911435323e-10	8.53316514671e-11
3.04076860084e-10	7.77515829498e-11
3.08242284846e-10	7.02311958589e-11
3.12407709607e-10	6.33900501534e-11
3.16573134368e-10	5.74720791791e-11
3.20738559129e-10	5.22483167842e-11
3.2490398389e-10	4.67286799533e-11
3.29069408651e-10	4.19772966387e-11
3.33234833412e-10	3.78457508388e-11
3.37400258173e-10	3.38531598587e-11
3.41565682935e-10	3.04160724385e-11
