% time-domain voltage integration by openEMS v0.37.0-rc2 @Thu Sep 10 00:06:47 2026
% start-coordinates: (2.5845e-05,0,0.00028375) m -> [137,12,8]
% stop-coordinates: (2.5845e-05,0,0.00029018) m -> [137,12,11]
% t/s	voltage
0	-0
4.16542476112e-12	-1.25604121548e-09
8.33084952225e-12	-1.47569095832e-09
1.24962742834e-11	-7.39924482795e-10
1.66616990445e-11	4.5565152762e-09
2.08271238056e-11	1.68822720248e-08
2.49925485667e-11	4.07118223578e-08
2.91579733279e-11	7.84458578096e-08
3.3323398089e-11	1.23690892195e-07
3.74888228501e-11	1.54654102857e-07
4.16542476112e-11	1.28358898621e-07
4.58196723724e-11	-1.62934146175e-08
4.99850971335e-11	-3.38351917151e-07
5.41505218946e-11	-8.56781497305e-07
5.83159466557e-11	-1.5046944668e-06
6.24813714169e-11	-2.09938889384e-06
6.6646796178e-11	-2.36104267515e-06
7.08122209391e-11	-1.99928979328e-06
7.49776457002e-11	-8.53785607546e-07
7.91430704613e-11	9.68073265994e-07
8.33084952225e-11	3.03802141843e-06
8.74739199836e-11	4.70108648187e-06
9.16393447447e-11	5.3137263194e-06
9.58047695058e-11	4.53414759249e-06
9.9970194267e-11	2.52379714993e-06
1.04135619028e-10	-6.1890135683e-08
1.08301043789e-10	-2.31411183904e-06
1.1246646855e-10	-3.44077761838e-06
1.16631893311e-10	-3.09052791181e-06
1.20797318073e-10	-1.47495993019e-06
1.24962742834e-10	7.59278648843e-07
1.29128167595e-10	2.82935803853e-06
1.33293592356e-10	4.130937441e-06
1.37459017117e-10	4.42752525487e-06
1.41624441878e-10	3.8553541799e-06
1.45789866639e-10	2.78281066812e-06
1.499552914e-10	1.61928346643e-06
1.54120716162e-10	6.66022373252e-07
1.58286140923e-10	5.56328867418e-08
1.62451565684e-10	-2.26375099999e-07
1.66616990445e-10	-2.76763444162e-07
1.70782415206e-10	-2.08507437094e-07
1.74947839967e-10	-1.08691757816e-07
1.79113264728e-10	-2.52954146518e-08
1.83278689489e-10	2.64968011976e-08
1.87444114251e-10	5.0304345578e-08
1.91609539012e-10	5.64117312862e-08
1.95774963773e-10	5.38841042896e-08
1.99940388534e-10	4.80907180744e-08
2.04105813295e-10	4.25743484911e-08
2.08271238056e-10	3.7655477847e-08
2.12436662817e-10	3.42673409648e-08
2.16602087578e-10	3.15519983474e-08
2.2076751234e-10	2.89442687595e-08
2.24932937101e-10	2.66454036613e-08
2.29098361862e-10	2.45018392242e-08
2.33263786623e-10	2.24731708798e-08
2.37429211384e-10	2.06673802516e-08
2.41594636145e-10	1.90975750769e-08
2.45760060906e-10	1.75556467141e-08
2.49925485667e-10	1.61900697293e-08
2.54090910429e-10	1.49789025627e-08
2.5825633519e-10	1.38090947566e-08
2.62421759951e-10	1.27928545535e-08
2.66587184712e-10	1.18607295096e-08
2.70752609473e-10	1.09538722537e-08
2.74918034234e-10	1.01683002018e-08
2.79083458995e-10	9.47403377971e-09
2.83248883756e-10	8.80074768617e-09
2.87414308518e-10	8.19960543907e-09
2.91579733279e-10	7.65655117085e-09
2.9574515804e-10	7.14216130682e-09
2.99910582801e-10	6.68092559053e-09
3.04076007562e-10	6.26156626549e-09
3.08241432323e-10	5.84595161168e-09
3.12406857084e-10	5.49451217857e-09
3.16572281845e-10	5.17843790071e-09
3.20737706607e-10	4.84719464566e-09
3.24903131368e-10	4.56844884145e-09
3.29068556129e-10	4.30753410718e-09
3.3323398089e-10	4.07179012729e-09
3.37399405651e-10	3.85560949834e-09
3.41564830412e-10	3.64611452142e-09
