% time-domain current integration by openEMS v0.37.0-rc2 @Thu Sep 10 05:25:12 2026
% start-coordinates: (6.45e-07,-2e-06,0.00028375) m -> [48,12,8]
% stop-coordinates: (9.865e-06,1e-06,0.00028375) m -> [56,15,8]
% t/s	current
8.40172806634e-16	0
4.1664169481e-12	-6.31512342419e-11
8.33199372339e-12	-6.92730664498e-11
1.24975704987e-11	-2.92232926226e-12
1.6663147274e-11	2.6115665186e-10
2.08287240493e-11	9.25124366002e-10
2.49943008246e-11	2.21577844961e-09
2.91598775998e-11	4.2461953953e-09
3.33254543751e-11	6.71730671087e-09
3.74910311504e-11	8.53523651756e-09
4.16566079257e-11	7.51550999212e-09
4.5822184701e-11	4.92399010454e-10
4.99877614763e-11	-1.57983350846e-08
5.41533382516e-11	-4.29618509656e-08
5.83189150269e-11	-7.87049359019e-08
6.24844918022e-11	-1.15147983593e-07
6.66500685775e-11	-1.39082516171e-07
7.08156453528e-11	-1.35143451985e-07
7.49812221281e-11	-9.16123852335e-08
7.91467989033e-11	-6.86258427862e-09
8.33123756786e-11	1.06678029965e-07
8.74779524539e-11	2.23802743449e-07
9.16435292292e-11	3.13678469865e-07
9.58091060045e-11	3.50542222805e-07
9.99746827798e-11	3.23433994254e-07
1.04140259555e-10	2.40483075231e-07
1.0830583633e-10	1.25707359189e-07
1.12471413106e-10	9.85991732705e-09
1.16636989881e-10	-8.04279594036e-08
1.20802566656e-10	-1.30554283828e-07
1.24968143432e-10	-1.40133067816e-07
1.29133720207e-10	-1.19694803402e-07
1.33299296982e-10	-8.44175360726e-08
1.37464873757e-10	-4.80783199919e-08
1.41630450533e-10	-1.94303098056e-08
1.45796027308e-10	-1.54448531742e-09
1.49961604083e-10	6.71657796047e-09
1.54127180859e-10	8.47409875604e-09
1.58292757634e-10	6.96674451461e-09
1.62458334409e-10	4.53942927692e-09
1.66623911184e-10	2.43519404641e-09
1.7078948796e-10	1.04843189686e-09
1.74955064735e-10	3.11819237098e-10
1.7912064151e-10	3.91012135864e-12
1.83286218286e-10	-8.1563915344e-11
1.87451795061e-10	-7.85501733103e-11
1.91617371836e-10	-2.44333858701e-11
1.95782948612e-10	-1.43454536444e-11
1.99948525387e-10	-1.36819392621e-11
2.04114102162e-10	-1.27942326872e-11
2.08279678937e-10	-1.23306313077e-11
2.12445255713e-10	-1.22376622724e-11
2.16610832488e-10	-1.11655563267e-11
2.20776409263e-10	-1.07501420959e-11
2.24941986039e-10	-9.73354556677e-12
2.29107562814e-10	-9.78584574485e-12
2.33273139589e-10	-9.39717054171e-12
2.37438716364e-10	-9.17892324648e-12
2.4160429314e-10	-8.8738886031e-12
2.45769869915e-10	-8.7656644096e-12
2.4993544669e-10	-7.46704434396e-12
2.54101023466e-10	-8.31572484483e-12
2.58266600241e-10	-7.72062969112e-12
2.62432177016e-10	-7.34561630272e-12
