% time-domain voltage integration by openEMS v0.37.0-rc2 @Thu Sep 10 05:25:12 2026
% start-coordinates: (-5.24e-06,0,0.00028375) m -> [43,14,8]
% stop-coordinates: (-5.24e-06,0,0.00029498) m -> [43,14,11]
% t/s	voltage
0	-0
4.16557677529e-12	-2.82204720703e-09
8.33115355058e-12	-3.55322232748e-09
1.24967303259e-11	-1.24436697058e-09
1.66623071012e-11	9.7474888161e-09
2.08278838765e-11	3.87495768805e-08
2.49934606517e-11	9.74986029689e-08
2.9159037427e-11	1.93419218419e-07
3.33246142023e-11	3.16316167925e-07
3.74901909776e-11	4.19335975721e-07
4.16557677529e-11	4.02130758914e-07
4.58213445282e-11	1.12214888048e-07
4.99869213035e-11	-6.18598079427e-07
5.41524980788e-11	-1.89215865021e-06
5.83180748541e-11	-3.63240332035e-06
6.24836516294e-11	-5.49168828456e-06
6.66492284047e-11	-6.84344536239e-06
7.081480518e-11	-6.91688535426e-06
7.49803819552e-11	-5.07245420067e-06
7.91459587305e-11	-1.13034963078e-06
8.33115355058e-11	4.39963537247e-06
8.74771122811e-11	1.03355509964e-05
9.16426890564e-11	1.51408596594e-05
9.58082658317e-11	1.74481097019e-05
9.9973842607e-11	1.65717538039e-05
1.04139419382e-10	1.27761713884e-05
1.08304996158e-10	7.17121474736e-06
1.12470572933e-10	1.28533108068e-06
1.16636149708e-10	-3.48382860693e-06
1.20801726483e-10	-6.30073861885e-06
1.24967303259e-10	-7.04742092239e-06
1.29132880034e-10	-6.19144873326e-06
1.33298456809e-10	-4.48205287285e-06
1.37464033585e-10	-2.635503904e-06
1.4162961036e-10	-1.1317934252e-06
1.45795187135e-10	-1.62044699437e-07
1.4996076391e-10	3.08449422448e-07
1.54126340686e-10	4.29409347191e-07
1.58291917461e-10	3.66794765227e-07
1.62457494236e-10	2.45874630878e-07
1.66623071012e-10	1.35974829618e-07
1.70788647787e-10	6.14040587266e-08
1.74954224562e-10	2.07217349946e-08
1.79119801338e-10	3.11181436174e-09
1.83285378113e-10	-2.17535556235e-09
1.87450954888e-10	-2.39129516189e-09
1.91616531663e-10	-8.27749049859e-10
1.95782108439e-10	8.90368292983e-10
1.99947685214e-10	8.54978116083e-10
2.04113261989e-10	7.99546040486e-10
2.08278838765e-10	7.85272694093e-10
2.1244441554e-10	7.60472657069e-10
2.16609992315e-10	7.33585039936e-10
2.2077556909e-10	6.69899163919e-10
2.24941145866e-10	6.29727103796e-10
2.29106722641e-10	6.1799396156e-10
2.33272299416e-10	6.00305277709e-10
2.37437876192e-10	5.60960916607e-10
2.41603452967e-10	5.58273732798e-10
2.45769029742e-10	5.33691493776e-10
2.49934606517e-10	4.66592535442e-10
2.54100183293e-10	5.04962252568e-10
2.58265760068e-10	4.76567910135e-10
2.62431336843e-10	4.32959369745e-10
