% time-domain voltage integration by openEMS v0.37.0-rc2 @Thu Sep 10 05:25:12 2026
% start-coordinates: (5.24e-06,0,0.00028375) m -> [52,14,8]
% stop-coordinates: (5.24e-06,0,0.00029498) m -> [52,14,11]
% t/s	voltage
0	-0
4.16557677529e-12	-3.30729682529e-09
8.33115355058e-12	-3.47360412656e-09
1.24967303259e-11	1.42830680616e-09
1.66623071012e-11	1.87043589506e-08
2.08278838765e-11	5.93922919734e-08
2.49934606517e-11	1.35352930641e-07
2.9159037427e-11	2.49186804524e-07
3.33246142023e-11	3.77760933645e-07
3.74901909776e-11	4.5164033935e-07
4.16557677529e-11	3.42563836853e-07
4.58213445282e-11	-1.22174739658e-07
4.99869213035e-11	-1.10240654294e-06
5.41524980788e-11	-2.64273495532e-06
5.83180748541e-11	-4.55535860056e-06
6.24836516294e-11	-6.35055619114e-06
6.66492284047e-11	-7.28637110115e-06
7.081480518e-11	-6.57704219975e-06
7.49803819552e-11	-3.72138265448e-06
7.91459587305e-11	1.17548063372e-06
8.33115355058e-11	7.25730797058e-06
8.74771122811e-11	1.30730741148e-05
9.16426890564e-11	1.7026081423e-05
9.58082658317e-11	1.7951073005e-05
9.9973842607e-11	1.55654624905e-05
1.04139419382e-10	1.05823596641e-05
1.08304996158e-10	4.43043438736e-06
1.12470572933e-10	-1.28550206568e-06
1.16636149708e-10	-5.3353463727e-06
1.20801726483e-10	-7.19608669897e-06
1.24967303259e-10	-7.06716446075e-06
1.29132880034e-10	-5.62551440453e-06
1.33298456809e-10	-3.67865567341e-06
1.37464033585e-10	-1.87654651995e-06
1.4162961036e-10	-5.7323759961e-07
1.45795187135e-10	1.61416039646e-07
1.4996076391e-10	4.40717407457e-07
1.54126340686e-10	4.4323327586e-07
1.58291917461e-10	3.27949777557e-07
1.62457494236e-10	1.97363171139e-07
1.66623071012e-10	9.78344285585e-08
1.70788647787e-10	3.80946056922e-08
1.74954224562e-10	9.27618826196e-09
1.79119801338e-10	-1.19441795343e-09
1.83285378113e-10	-3.12053138884e-09
1.87450954888e-10	-2.18862739043e-09
1.91616531663e-10	1.21579504797e-09
1.95782108439e-10	7.24984530742e-10
1.99947685214e-10	6.96375068721e-10
2.04113261989e-10	6.36936489662e-10
2.08278838765e-10	6.16899670236e-10
2.1244441554e-10	6.13870801414e-10
2.16609992315e-10	5.54804729935e-10
2.2077556909e-10	5.31384242164e-10
2.24941145866e-10	4.83237880267e-10
2.29106722641e-10	4.87617071721e-10
2.33272299416e-10	4.69260311164e-10
2.37437876192e-10	4.5703884427e-10
2.41603452967e-10	4.42210081053e-10
2.45769029742e-10	4.31639390897e-10
2.49934606517e-10	3.75240102879e-10
2.54100183293e-10	4.13314091285e-10
2.58265760068e-10	3.88103466031e-10
2.62431336843e-10	3.69964593683e-10
