% time-domain current integration by openEMS v0.37.0-rc2 @Thu Sep 10 05:25:12 2026
% start-coordinates: (-1.08669e-05,-2e-06,0.00028375) m -> [38,12,8]
% stop-coordinates: (-1.645e-06,1e-06,0.00028375) m -> [46,15,8]
% t/s	current
8.40172806634e-16	0
4.1664169481e-12	5.66309360517e-11
8.33199372339e-12	7.11655734342e-11
1.24975704987e-11	2.4772515636e-11
1.6663147274e-11	-1.95957722271e-10
2.08287240493e-11	-7.77233666316e-10
2.49943008246e-11	-1.95392702018e-09
2.91598775998e-11	-3.8739433883e-09
3.33254543751e-11	-6.33181240772e-09
3.74910311504e-11	-8.38825719995e-09
4.16566079257e-11	-8.03377009362e-09
4.5822184701e-11	-2.21701501602e-09
4.99877614763e-11	1.2423591933e-08
5.41533382516e-11	3.79188591637e-08
5.83189150269e-11	7.27351618934e-08
6.24844918022e-11	1.09906352463e-07
6.66500685775e-11	1.36891756597e-07
7.08156453528e-11	1.38277812312e-07
7.49812221281e-11	1.01290680732e-07
7.91467989033e-11	2.23651195341e-08
8.33123756786e-11	-8.82699282556e-08
8.74779524539e-11	-2.06953941984e-07
9.16435292292e-11	-3.02956891574e-07
9.58091060045e-11	-3.48957030383e-07
9.99746827798e-11	-3.31286031496e-07
1.04140259555e-10	-2.55274557048e-07
1.0830583633e-10	-1.43145186371e-07
1.12471413106e-10	-2.54668925947e-08
1.16636989881e-10	6.98302002888e-08
1.20802566656e-10	1.26069110706e-07
1.24968143432e-10	1.40920448644e-07
1.29133720207e-10	1.23752727177e-07
1.33299296982e-10	8.95520173572e-08
1.37464873757e-10	5.26338510554e-08
1.41630450533e-10	2.25843717061e-08
1.45796027308e-10	3.21425552841e-09
1.49961604083e-10	-6.17729734032e-09
1.54127180859e-10	-8.58621973521e-09
1.58292757634e-10	-7.33023730604e-09
1.62458334409e-10	-4.91193219432e-09
1.66623911184e-10	-2.71556399589e-09
1.7078948796e-10	-1.22587962004e-09
1.74955064735e-10	-4.13456130444e-10
1.7912064151e-10	-6.19512080524e-11
1.83286218286e-10	4.34728433807e-11
1.87451795061e-10	4.77759498629e-11
1.91617371836e-10	1.55876700436e-11
1.95782948612e-10	-1.77694924747e-11
1.99948525387e-10	-1.71407922578e-11
2.04114102162e-10	-1.59666221217e-11
2.08279678937e-10	-1.57604172768e-11
2.12445255713e-10	-1.52835868961e-11
2.16610832488e-10	-1.45764216669e-11
2.20776409263e-10	-1.3372536585e-11
2.24941986039e-10	-1.25307958454e-11
2.29107562814e-10	-1.24140029853e-11
2.33273139589e-10	-1.20300765877e-11
2.37438716364e-10	-1.1113837281e-11
2.4160429314e-10	-1.11820760984e-11
2.45769869915e-10	-1.06834367741e-11
2.4993544669e-10	-9.40520838294e-12
2.54101023466e-10	-1.01497464947e-11
2.58266600241e-10	-9.54726749047e-12
2.62432177016e-10	-8.64547843038e-12
